93.427734 25.40039 -1.5820312 96.5918 10.634766 -11.162109
93.07617 25.576172 -1.5820312 97.11914 10.546875 -11.162109
92.54883 25.839844 -1.5820312 97.646484 10.634766 -11.162109
92.109375 26.191406 -1.5820312 98.17383 10.634766 -10.986328
88.76953 26.191406 -1.7578125 98.96484 10.546875 -10.634766
88.50586 26.542969 -2.0214844 100.01953 10.634766 -10.634766
87.1875 26.80664 -2.4609375 100.89844 10.634766 -10.634766
86.92383 27.158203 -2.5488281 101.33789 10.722656 -10.634766
85.95703 27.421875 -2.5488281 101.953125 10.722656 -10.634766
85.51758 27.773438 -2.5488281 102.12891 10.722656 -10.634766
85.3418 28.21289 -2.5488281 102.48047 10.722656 -10.634766
84.55078 28.564453 -2.5488281 102.56836 10.722656 -10.634766
84.19922 28.828125 -2.5488281 102.56836 10.722656 -10.634766
84.46289 29.267578 -2.5488281 100.546875 10.546875 -10.634766
86.572266 30.234375 -2.4609375 101.68945 10.722656 -10.722656
86.74805 30.585938 -2.8125 102.2168 10.722656 -10.634766
87.27539 30.84961 -3.1640625 101.953125 10.722656 -10.722656
87.71484 31.376953 -3.1640625 101.77734 10.634766 -10.722656
86.2207 31.816406 -3.2519531 101.60156 10.458984 -10.634766
86.2207 32.34375 -3.3398438 101.51367 10.371094 -10.634766
86.30859 32.783203 -3.6914062 101.42578 10.371094 -10.283203
86.572266 32.60742 -4.3945312 101.25 10.1953125 -9.316406
89.47266 34.101562 -5.185547 101.25 10.1953125 -7.734375
89.64844 34.804688 -5.2734375 100.72266 10.107422 -5.888672
89.82422 35.33203 -5.361328 99.66797 9.931641 -5.5371094
90.0 35.947266 -5.2734375 98.78906 9.667969 -6.064453
87.978516 35.33203 -5.7128906 97.734375 8.7890625 -6.8554688
87.978516 35.33203 -6.8554688 97.03125 7.6464844 -7.734375
87.978516 35.33203 -8.4375 96.85547 6.6796875 -8.4375
88.1543 36.914062 -9.052734 96.67969 6.2402344 -8.7890625
90.703125 38.14453 -8.964844 96.15234 6.4160156 -9.052734
91.14258 38.671875 -8.0859375 95.36133 6.2402344 -9.228516
91.23047 39.63867 -7.998047 94.74609 6.2402344 -9.404297
91.40625 40.429688 -7.998047 94.57031 6.2402344 -9.580078
88.94531 39.11133 -8.261719 94.30664 5.9765625 -9.667969
88.94531 39.11133 -8.876953 94.30664 5.5371094 -9.667969
88.94531 39.11133 -9.140625 94.48242 5.4492188 -9.667969
89.0332 39.28711 -9.404297 94.6582 5.361328 -9.580078
91.58203 41.572266 -9.228516 95.09766 5.7128906 -9.667969
91.93359 42.27539 -9.052734 95.18555 5.625 -9.580078
92.021484 42.1875 -9.052734 95.36133 5.5371094 -9.580078
92.109375 42.27539 -9.140625 95.53711 5.5371094 -9.667969
89.47266 42.27539 -9.140625 95.71289 5.2734375 -9.667969
89.208984 42.36328 -9.052734 96.06445 4.921875 -9.667969
89.208984 42.539062 -9.052734 96.240234 4.658203 -9.667969
89.47266 42.714844 -9.140625 96.416016 4.1308594 -9.667969
92.37305 42.978516 -9.140625 96.5918 4.1308594 -9.755859
92.8125 43.154297 -9.052734 96.5918 4.0429688 -9.667969
90.17578 43.066406 -9.052734 96.67969 3.6914062 -9.667969
92.28516 43.33008 -9.052734 97.11914 3.8671875 -9.755859
92.8125 43.41797 -9.052734 97.20703 3.8671875 -9.755859
92.8125 43.41797 -9.052734 97.20703 3.6914062 -9.755859
92.90039 43.50586 -9.052734 97.20703 3.6035156 -9.667969
90.615234 43.41797 -9.052734 97.38281 3.2519531 -9.667969
90.35156 43.59375 -9.052734 97.734375 2.9003906 -9.755859
90.52734 43.68164 -9.052734 97.822266 2.7246094 -9.667969
93.16406 44.121094 -9.052734 97.91016 2.9882812 -9.755859
90.26367 44.121094 -9.052734 97.99805 2.6367188 -9.667969
89.91211 44.384766 -9.052734 98.52539 2.1972656 -9.580078
89.91211 44.648438 -9.052734 98.70117 2.1972656 -9.755859
89.91211 44.91211 -9.052734 98.87695 2.1972656 -9.755859
89.82422 45.08789 -9.052734 99.140625 2.1972656 -9.755859
89.64844 45.26367 -9.052734 99.49219 2.1972656 -9.755859
89.56055 45.527344 -9.052734 99.58008 2.1972656 -9.755859
89.384766 45.878906 -9.052734 99.84375 2.1972656 -9.755859
88.76953 45.878906 -9.052734 100.10742 2.1972656 -9.755859
87.978516 45.878906 -9.052734 100.19531 2.1972656 -9.755859
87.890625 45.966797 -9.052734 100.458984 2.1972656 -9.755859
87.802734 45.966797 -9.052734 100.546875 2.1972656 -9.755859
87.09961 45.966797 -9.052734 100.634766 2.1972656 -9.755859
86.484375 45.966797 -9.052734 100.89844 2.1972656 -9.667969
86.396484 45.966797 -9.052734 101.07422 2.1972656 -9.755859
86.30859 45.966797 -9.052734 101.16211 2.1972656 -9.755859
86.13281 45.878906 -9.052734 101.42578 2.1972656 -9.755859
84.81445 45.703125 -9.052734 101.68945 2.1972656 -9.580078
84.72656 45.615234 -8.964844 101.953125 2.1972656 -9.667969
84.63867 45.527344 -8.964844 102.12891 2.1972656 -9.667969
83.93555 45.351562 -8.964844 102.30469 2.1972656 -9.580078
83.84766 45.26367 -8.964844 102.56836 2.1972656 -9.580078
83.32031 45.17578 -8.964844 102.65625 2.1972656 -9.667969
83.23242 45.17578 -8.964844 102.83203 2.1972656 -9.667969
83.23242 45.17578 -8.964844 103.0957 2.1972656 -9.667969
83.14453 45.08789 -8.964844 103.18359 2.1972656 -9.667969
83.14453 45.08789 -8.964844 103.18359 2.1972656 -9.755859
83.14453 45.08789 -8.964844 103.18359 2.1972656 -9.755859
83.14453 45.17578 -8.964844 103.18359 2.1972656 -9.755859
83.32031 45.17578 -8.964844 103.18359 2.1972656 -9.755859
85.42969 45.351562 -8.964844 103.0957 2.3730469 -9.755859
86.13281 45.351562 -8.964844 103.0957 2.3730469 -9.755859
86.396484 45.439453 -8.964844 103.00781 2.3730469 -9.755859
86.83594 45.527344 -8.964844 103.00781 2.2851562 -9.755859
85.078125 45.439453 -8.964844 103.00781 2.1972656 -9.755859
84.990234 45.439453 -8.964844 103.0957 2.1972656 -9.755859
85.078125 45.439453 -8.964844 103.0957 2.109375 -9.755859
85.42969 45.527344 -8.964844 103.18359 2.109375 -9.755859
89.296875 45.878906 -8.964844 103.447266 2.4609375 -9.755859
90.0 46.14258 -8.964844 103.359375 2.2851562 -9.755859
90.0 46.31836 -8.964844 103.359375 2.2851562 -9.755859
90.26367 46.49414 -8.964844 103.359375 2.2851562 -9.755859
87.890625 46.58203 -8.964844 103.447266 2.109375 -9.755859
87.53906 46.66992 -8.964844 103.447266 2.109375 -9.755859
87.53906 47.021484 -8.964844 103.447266 2.0214844 -9.755859
87.71484 47.373047 -8.964844 103.53516 1.8457031 -9.84375
91.14258 47.90039 -8.964844 103.62305 1.8457031 -9.84375
92.021484 48.164062 -8.964844 103.62305 1.7578125 -9.931641
88.85742 48.339844 -8.964844 103.62305 1.4941406 -10.019531
88.50586 48.603516 -8.876953 103.71094 1.0546875 -10.1953125
91.40625 49.21875 -8.876953 103.88672 1.3183594 -10.371094
89.0332 49.30664 -8.876953 103.79883 0.87890625 -10.283203
88.68164 49.39453 -8.876953 103.88672 0.6152344 -10.283203
88.59375 49.570312 -8.7890625 103.97461 0.6152344 -10.371094
88.85742 49.658203 -8.7890625 104.0625 0.6152344 -10.371094
92.109375 49.921875 -8.876953 104.15039 0.87890625 -10.371094
89.296875 49.833984 -8.876953 104.15039 0.52734375 -10.1953125
88.76953 49.833984 -8.7890625 104.15039 0.43945312 -10.107422
88.94531 49.921875 -8.7890625 104.23828 0.3515625 -10.283203
92.021484 50.185547 -8.7890625 104.32617 0.6152344 -10.371094
92.98828 50.36133 -8.7890625 104.23828 0.52734375 -10.371094
92.98828 50.36133 -8.876953 104.23828 0.43945312 -10.019531
93.07617 50.36133 -8.876953 104.23828 0.52734375 -9.667969
90.615234 50.273438 -8.7890625 104.23828 0.3515625 -9.316406
90.17578 50.36133 -8.7890625 104.23828 0.17578125 -9.4921875
90.17578 50.36133 -8.7890625 104.23828 0.087890625 -10.107422
90.52734 50.44922 -8.7890625 104.23828 0.087890625 -10.458984
94.04297 50.625 -8.7890625 104.32617 0.3515625 -10.634766
91.31836 50.71289 -8.7890625 104.32617 0.0 -10.634766
90.703125 50.80078 -8.7890625 104.50195 -0.43945312 -10.634766
90.9668 50.88867 -8.7890625 104.677734 -0.6152344 -10.634766
94.30664 51.240234 -8.7890625 104.677734 -0.3515625 -10.019531
91.93359 51.240234 -8.7890625 104.765625 -0.703125 -9.228516
94.13086 51.503906 -8.7890625 105.0293 -0.52734375 -8.613281
94.921875 51.679688 -8.7890625 105.0293 -0.52734375 -8.701172
94.921875 52.20703 -8.7890625 105.0293 -0.52734375 -9.316406
95.09766 52.558594 -8.7890625 105.0293 -0.52734375 -10.019531
92.72461 51.503906 -8.876953 105.0293 -0.87890625 -10.634766
92.37305 51.503906 -8.876953 105.0293 -1.0546875 -10.986328
92.54883 51.679688 -8.876953 105.0293 -1.1425781 -10.986328
95.53711 53.789062 -8.7890625 105.11719 -1.0546875 -10.810547
96.240234 54.228516 -8.701172 105.20508 -1.0546875 -10.107422
92.63672 54.052734 -8.701172 105.20508 -1.40625 -9.228516
92.197266 54.140625 -8.525391 105.55664 -1.4941406 -8.701172
95.09766 54.58008 -8.4375 105.73242 -1.2304688 -8.701172
95.97656 54.75586 -8.4375 105.64453 -1.3183594 -9.052734
95.97656 55.01953 -8.4375 105.64453 -1.40625 -9.404297
95.97656 55.10742 -8.4375 105.64453 -1.40625 -9.755859
95.97656 55.195312 -8.4375 105.64453 -1.40625 -9.84375
93.07617 55.371094 -8.349609 105.64453 -1.5820312 -9.84375
92.54883 55.458984 -8.261719 105.73242 -1.9335938 -9.84375
92.72461 55.458984 -8.261719 105.73242 -2.0214844 -9.84375
95.97656 55.546875 -8.261719 105.73242 -1.8457031 -9.84375
93.427734 55.458984 -8.261719 105.73242 -2.109375 -9.84375
92.54883 55.371094 -8.173828 105.9082 -2.5488281 -9.755859
92.8125 55.371094 -8.173828 106.083984 -2.5488281 -9.84375
95.53711 55.195312 -8.173828 106.083984 -2.3730469 -9.84375
92.98828 55.01953 -8.173828 106.171875 -2.6367188 -9.755859
92.54883 54.93164 -8.0859375 106.34766 -2.8125 -9.755859
95.44922 54.93164 -8.0859375 106.52344 -2.6367188 -9.84375
95.97656 54.93164 -8.0859375 106.34766 -2.6367188 -9.755859
95.97656 54.93164 -8.0859375 106.34766 -2.7246094 -9.755859
95.88867 54.93164 -8.0859375 106.34766 -2.7246094 -9.755859
92.63672 55.01953 -8.0859375 106.34766 -2.9003906 -9.755859
91.8457 55.195312 -7.998047 106.43555 -2.9882812 -9.755859
91.8457 55.458984 -7.998047 106.43555 -2.9882812 -9.755859
92.109375 55.634766 -8.0859375 106.43555 -2.9882812 -9.755859
95.18555 55.98633 -8.0859375 106.43555 -2.7246094 -9.755859
92.46094 56.07422 -8.0859375 106.34766 -3.1640625 -9.755859
91.40625 56.33789 -8.0859375 106.34766 -3.4277344 -9.755859
91.58203 56.601562 -7.998047 106.34766 -3.515625 -9.755859
94.833984 56.953125 -8.0859375 106.34766 -3.2519531 -9.84375
96.06445 57.216797 -8.173828 106.259766 -3.3398438 -9.755859
95.88867 57.216797 -8.173828 106.259766 -3.4277344 -9.755859
95.97656 57.216797 -8.173828 106.171875 -3.4277344 -9.84375
93.07617 57.041016 -8.0859375 106.259766 -3.6035156 -9.755859
92.109375 57.041016 -7.998047 106.259766 -3.6914062 -9.755859
92.109375 57.041016 -7.998047 106.259766 -3.6914062 -9.755859
92.37305 57.041016 -7.998047 106.34766 -3.6914062 -9.755859
95.88867 56.953125 -7.998047 106.34766 -3.3398438 -9.755859
93.07617 57.041016 -8.0859375 106.43555 -3.6914062 -9.755859
92.021484 56.953125 -7.998047 106.52344 -3.9550781 -9.755859
92.197266 57.041016 -7.9101562 106.52344 -4.0429688 -9.755859
95.27344 57.216797 -7.9101562 106.52344 -3.7792969 -9.755859
92.63672 57.216797 -7.998047 106.52344 -4.0429688 -9.755859
92.109375 57.216797 -7.9101562 106.52344 -4.21875 -9.84375
94.921875 57.304688 -7.8222656 106.61133 -3.8671875 -9.755859
95.80078 57.48047 -7.9101562 106.52344 -3.9550781 -9.755859
95.88867 57.48047 -7.9101562 106.43555 -4.0429688 -9.84375
95.80078 57.48047 -7.9101562 106.43555 -3.9550781 -9.755859
95.88867 57.48047 -7.9101562 106.43555 -3.9550781 -9.755859
92.72461 57.304688 -7.9101562 106.52344 -4.21875 -9.755859
91.93359 57.304688 -7.8222656 106.52344 -4.3066406 -9.84375
92.197266 57.39258 -7.734375 106.52344 -4.3945312 -9.755859
95.36133 57.39258 -7.8222656 106.52344 -4.1308594 -9.84375
92.72461 57.39258 -7.8222656 106.61133 -4.482422 -9.755859
91.66992 57.304688 -7.734375 106.78711 -4.8339844 -9.84375
91.8457 57.39258 -7.6464844 106.875 -4.921875 -9.84375
94.48242 57.39258 -7.734375 106.875 -4.7460938 -9.755859
91.8457 57.39258 -7.734375 106.875 -5.0097656 -9.755859
91.23047 57.304688 -7.6464844 107.05078 -5.2734375 -9.755859
93.69141 57.39258 -7.5585938 107.13867 -5.185547 -9.755859
94.39453 57.56836 -7.6464844 107.05078 -5.185547 -9.755859
94.30664 57.48047 -7.6464844 107.05078 -5.185547 -9.755859
94.21875 57.48047 -7.5585938 107.13867 -5.185547 -9.755859
94.21875 57.48047 -7.5585938 107.13867 -5.185547 -9.755859
90.9668 57.216797 -7.5585938 107.13867 -5.361328 -9.755859
89.91211 57.304688 -7.2070312 107.13867 -5.4492188 -9.84375
90.0 57.48047 -7.03125 107.22656 -5.361328 -9.755859
92.54883 57.56836 -7.03125 107.22656 -5.185547 -9.84375
89.82422 57.48047 -6.9433594 107.22656 -5.4492188 -9.755859
88.94531 57.56836 -6.5039062 107.31445 -5.5371094 -9.755859
88.76953 57.74414 -6.2402344 107.31445 -5.5371094 -9.755859
88.76953 57.91992 -6.2402344 107.31445 -5.4492188 -9.84375
88.76953 58.007812 -6.1523438 107.31445 -5.5371094 -9.755859
88.68164 58.095703 -6.064453 107.31445 -5.4492188 -9.755859
88.68164 58.183594 -6.064453 107.40234 -5.4492188 -9.755859
90.26367 58.535156 -6.064453 107.31445 -5.4492188 -9.755859
90.791016 58.623047 -6.064453 107.31445 -5.4492188 -9.84375
90.87891 58.623047 -6.064453 107.31445 -5.4492188 -9.84375
90.9668 58.623047 -6.064453 107.31445 -5.4492188 -9.84375
91.14258 58.535156 -6.064453 107.31445 -5.4492188 -9.84375
88.94531 58.271484 -5.9765625 107.31445 -5.5371094 -10.1953125
88.50586 58.359375 -5.7128906 107.40234 -5.625 -10.634766
88.76953 58.359375 -5.4492188 107.490234 -5.625 -10.986328
91.49414 58.535156 -5.4492188 107.578125 -5.5371094 -11.162109
92.90039 58.710938 -5.4492188 107.666016 -5.5371094 -10.810547
89.73633 58.535156 -5.2734375 107.75391 -5.7128906 -10.107422
89.47266 58.79883 -4.482422 107.8418 -5.7128906 -9.228516
92.28516 59.589844 -4.0429688 107.8418 -5.7128906 -7.9101562
93.603516 59.853516 -3.8671875 107.92969 -5.7128906 -7.2070312
93.603516 59.941406 -3.6914062 108.01758 -5.7128906 -7.3828125
93.69141 60.029297 -3.2519531 108.10547 -5.7128906 -7.8222656
93.7793 60.20508 -2.7246094 108.10547 -5.625 -8.173828
91.58203 60.38086 -2.0214844 108.10547 -5.7128906 -8.261719
90.9668 60.55664 -1.1425781 108.10547 -5.7128906 -8.349609
93.515625 60.908203 -0.6152344 108.10547 -5.4492188 -8.349609
94.30664 61.083984 -0.17578125 108.10547 -5.2734375 -8.349609
91.58203 60.908203 0.0 108.10547 -5.2734375 -8.349609
91.05469 60.908203 0.6152344 108.01758 -5.2734375 -8.349609
93.33984 60.908203 0.9667969 108.10547 -4.921875 -8.349609
94.21875 60.908203 1.0546875 108.01758 -4.5703125 -8.349609
91.58203 60.64453 1.2304688 108.01758 -4.658203 -8.261719
93.16406 60.55664 1.7578125 108.10547 -4.482422 -8.349609
94.04297 60.38086 2.109375 108.01758 -4.482422 -8.261719
94.39453 60.29297 2.109375 107.92969 -4.5703125 -8.261719
94.833984 60.20508 2.0214844 107.8418 -4.658203 -8.261719
95.09766 60.20508 2.0214844 107.8418 -4.5703125 -8.261719
92.37305 59.853516 2.2851562 107.8418 -4.658203 -8.261719
91.31836 59.765625 2.7246094 107.92969 -4.5703125 -8.173828
91.49414 59.853516 3.2519531 107.92969 -4.5703125 -8.261719
94.57031 59.765625 3.4277344 108.01758 -4.3945312 -8.173828
92.37305 59.589844 3.6035156 107.92969 -4.5703125 -8.173828
91.66992 59.589844 3.7792969 107.92969 -4.5703125 -8.173828
91.8457 59.501953 3.8671875 107.92969 -4.5703125 -8.261719
94.6582 59.677734 3.9550781 108.10547 -4.3945312 -8.525391
95.36133 59.677734 4.3066406 108.10547 -4.3066406 -8.613281
95.27344 59.677734 4.5703125 108.01758 -3.9550781 -8.613281
95.18555 59.589844 4.921875 108.01758 -2.9882812 -8.525391
91.93359 59.32617 5.2734375 107.92969 -2.4609375 -8.525391
91.14258 59.23828 5.4492188 107.8418 -2.6367188 -8.525391
91.31836 59.0625 5.4492188 107.666016 -2.6367188 -8.701172
94.21875 59.0625 5.185547 107.40234 -2.3730469 -8.876953
94.6582 58.88672 5.0976562 107.13867 -2.109375 -8.876953
90.791016 58.095703 5.0976562 106.61133 -2.4609375 -8.701172
89.73633 57.304688 4.8339844 105.82031 -2.6367188 -8.613281
92.54883 56.953125 4.3945312 104.677734 -2.109375 -8.701172
92.90039 56.689453 3.9550781 103.97461 -1.7578125 -8.701172
88.85742 56.07422 3.6914062 103.447266 -1.6699219 -8.613281
88.50586 55.634766 3.515625 102.48047 -1.5820312 -8.613281
90.791016 55.283203 3.3398438 101.25 -1.3183594 -8.613281
90.9668 54.66797 2.9003906 100.634766 -1.3183594 -8.613281
87.71484 54.140625 2.7246094 100.634766 -1.5820312 -8.613281
87.09961 53.876953 2.5488281 100.458984 -1.6699219 -8.525391
87.09961 53.61328 2.4609375 100.19531 -1.6699219 -8.613281
87.09961 53.61328 2.4609375 100.19531 -1.7578125 -8.613281
87.09961 53.61328 2.4609375 100.19531 -1.7578125 -8.613281
87.09961 53.61328 2.4609375 100.2832 -1.7578125 -8.613281
87.09961 53.61328 2.4609375 100.458984 -1.7578125 -8.525391
87.27539 53.61328 2.4609375 100.72266 -1.7578125 -8.525391
89.82422 53.61328 2.4609375 100.81055 -1.40625 -8.525391
90.52734 53.52539 2.3730469 101.07422 -1.3183594 -8.349609
90.52734 53.4375 2.3730469 101.42578 -1.40625 -8.349609
90.615234 53.34961 2.3730469 102.12891 -1.4941406 -8.349609
87.802734 53.17383 2.4609375 102.65625 -1.7578125 -8.349609
87.1875 52.998047 2.4609375 103.18359 -1.7578125 -8.349609
87.1875 52.910156 2.4609375 103.271484 -1.8457031 -8.349609
87.36328 52.910156 2.4609375 103.359375 -1.8457031 -8.261719
90.52734 52.822266 2.3730469 103.447266 -1.4941406 -8.349609
87.36328 52.734375 2.4609375 103.53516 -1.7578125 -8.173828
86.66016 52.734375 2.4609375 103.53516 -1.8457031 -8.173828
86.92383 52.734375 2.3730469 103.447266 -1.7578125 -8.173828
90.17578 52.822266 2.2851562 103.271484 -1.40625 -8.173828
87.1875 52.734375 2.2851562 103.271484 -1.5820312 -8.0859375
86.83594 52.734375 2.1972656 103.18359 -1.6699219 -8.0859375
89.91211 52.822266 2.0214844 102.91992 -1.40625 -8.173828
90.26367 52.734375 1.9335938 102.91992 -1.2304688 -8.173828
90.17578 52.822266 1.9335938 102.91992 -1.3183594 -8.173828
90.17578 52.910156 1.9335938 102.91992 -1.3183594 -8.173828
87.53906 52.998047 1.8457031 103.00781 -1.5820312 -8.173828
87.1875 53.085938 1.6699219 102.91992 -1.5820312 -8.173828
87.1875 53.26172 1.3183594 102.83203 -1.5820312 -8.173828
87.27539 53.34961 0.7910156 102.74414 -1.6699219 -8.173828
89.0332 53.61328 0.17578125 102.65625 -1.40625 -8.173828
86.572266 53.789062 -0.3515625 102.56836 -1.5820312 -8.173828
86.396484 54.052734 -0.6152344 102.48047 -1.5820312 -8.173828
86.484375 54.404297 -0.87890625 102.2168 -1.6699219 -8.173828
88.68164 55.195312 -0.9667969 101.77734 -1.40625 -8.173828
86.484375 55.722656 -0.9667969 101.68945 -1.5820312 -8.173828
88.33008 56.33789 -0.9667969 101.51367 -1.40625 -8.173828
88.85742 57.041016 -1.0546875 101.51367 -1.2304688 -8.173828
88.76953 57.74414 -1.0546875 101.51367 -1.2304688 -8.173828
88.76953 58.447266 -1.0546875 101.51367 -1.2304688 -8.173828
85.86914 59.0625 -1.0546875 101.68945 -1.4941406 -8.173828
85.078125 59.765625 -1.0546875 101.68945 -1.5820312 -8.173828
85.166016 60.55664 -1.0546875 101.51367 -1.5820312 -8.173828
87.01172 61.435547 -1.0546875 101.33789 -1.40625 -8.261719
84.63867 62.05078 -1.0546875 101.25 -1.6699219 -8.173828
84.02344 62.226562 -1.0546875 101.16211 -1.6699219 -8.261719
84.02344 62.402344 -1.0546875 100.98633 -1.6699219 -8.261719
85.86914 62.841797 -1.0546875 100.81055 -1.40625 -8.261719
83.4082 62.666016 -1.0546875 100.98633 -1.5820312 -8.349609
83.4082 62.490234 -1.0546875 101.07422 -1.5820312 -8.349609
85.166016 62.05078 -1.0546875 101.16211 -1.2304688 -8.349609
85.51758 61.435547 -1.0546875 101.42578 -1.1425781 -8.349609
85.51758 60.73242 -1.0546875 101.60156 -1.0546875 -8.349609
85.51758 59.853516 -1.0546875 101.68945 -0.87890625 -8.349609
85.42969 58.88672 -1.0546875 101.60156 -0.43945312 -8.4375
85.3418 57.74414 -1.0546875 101.60156 -0.17578125 -8.4375
85.3418 56.601562 -1.0546875 101.60156 0.087890625 -8.4375
85.25391 55.458984 -1.0546875 101.68945 0.26367188 -8.4375
85.166016 54.228516 -1.0546875 101.77734 0.43945312 -8.525391
85.166016 52.998047 -1.0546875 101.953125 0.52734375 -8.525391
85.166016 51.679688 -1.0546875 102.2168 0.87890625 -8.525391
85.078125 50.53711 -1.0546875 102.56836 1.40625 -8.613281
85.078125 49.30664 -1.0546875 102.91992 1.7578125 -8.613281
85.166016 48.164062 -1.0546875 103.447266 1.9335938 -8.525391
85.166016 46.933594 -0.9667969 103.97461 2.1972656 -8.525391
85.166016 45.791016 -0.9667969 104.58984 2.6367188 -8.613281
85.25391 44.73633 -0.9667969 105.46875 3.1640625 -8.613281
85.3418 43.68164 -0.9667969 106.171875 3.3398438 -8.525391
85.42969 42.714844 -0.9667969 106.96289 3.515625 -8.525391
85.51758 42.01172 -0.87890625 107.578125 3.9550781 -8.525391
85.51758 41.484375 -0.43945312 107.92969 4.3945312 -8.613281
85.51758 41.132812 0.17578125 108.01758 4.482422 -8.613281
85.51758 41.132812 1.2304688 108.01758 4.658203 -8.525391
85.60547 41.132812 2.2851562 108.01758 4.8339844 -8.525391
85.60547 41.396484 3.3398438 108.01758 4.921875 -8.525391
85.51758 41.748047 4.482422 108.10547 5.2734375 -8.525391
85.51758 42.45117 5.7128906 108.19336 5.888672 -8.525391
85.51758 43.50586 7.3828125 108.19336 6.328125 -8.525391
85.51758 44.82422 9.316406 108.19336 6.5039062 -8.525391
85.51758 46.40625 11.337891 108.19336 6.767578 -8.525391
85.51758 48.164062 13.535156 108.19336 7.03125 -8.525391
85.51758 50.273438 15.996094 108.19336 7.3828125 -8.525391
85.60547 51.591797 16.259766 108.45703 7.6464844 -8.613281
85.86914 52.558594 16.347656 108.80859 7.5585938 -8.876953
85.95703 53.34961 16.347656 108.896484 7.5585938 -9.404297
85.86914 54.404297 16.347656 108.896484 7.5585938 -9.931641
85.95703 54.228516 17.226562 108.7207 7.5585938 -10.019531
85.86914 54.492188 17.314453 108.80859 7.5585938 -9.931641
85.78125 57.65625 18.457031 108.63281 7.6464844 -9.931641
85.78125 58.710938 20.390625 108.54492 7.6464844 -9.84375
83.84766 59.589844 22.060547 108.54492 7.6464844 -9.931641
85.60547 61.171875 23.99414 108.54492 7.6464844 -10.019531
85.86914 62.402344 26.015625 108.54492 7.8222656 -10.019531
85.86914 63.984375 28.476562 108.54492 7.9101562 -10.019531
85.86914 65.56641 30.9375 108.54492 7.998047 -10.019531
85.95703 66.62109 31.113281 108.7207 8.261719 -10.019531
86.13281 67.06055 31.113281 108.896484 8.261719 -10.458984
86.13281 67.58789 31.113281 108.896484 8.261719 -11.074219
86.13281 68.291016 31.02539 108.896484 8.261719 -11.162109
86.13281 69.25781 32.695312 108.7207 8.261719 -10.634766
86.04492 70.57617 33.398438 108.63281 8.261719 -9.404297
86.04492 71.54297 34.189453 108.63281 8.261719 -8.173828
86.04492 72.509766 35.24414 108.63281 8.261719 -7.294922
86.04492 74.00391 36.47461 108.63281 8.261719 -7.1191406
85.95703 75.234375 37.88086 108.63281 8.349609 -7.5585938
86.04492 76.728516 39.46289 108.63281 8.4375 -7.8222656
86.04492 78.134766 41.220703 108.63281 8.525391 -7.998047
86.04492 79.7168 42.978516 108.63281 8.876953 -7.998047
86.13281 81.38672 44.73633 108.63281 9.052734 -7.998047
86.13281 82.88086 46.58203 108.63281 9.228516 -7.998047
86.2207 83.93555 46.31836 108.80859 9.4921875 -7.998047
86.396484 84.63867 46.31836 108.896484 9.404297 -8.4375
86.396484 85.3418 46.14258 108.896484 9.404297 -8.876953
86.30859 86.572266 47.8125 108.7207 9.404297 -9.052734
86.30859 87.71484 48.251953 108.63281 9.404297 -8.964844
83.4082 88.59375 48.95508 108.63281 9.580078 -8.876953
82.5293 89.56055 49.746094 108.63281 9.755859 -8.7890625
82.61719 90.615234 50.185547 108.63281 10.019531 -8.7890625
84.28711 91.66992 50.88867 108.63281 10.1953125 -8.7890625
82.08984 92.8125 51.503906 108.63281 10.458984 -8.701172
81.03516 93.69141 52.29492 108.54492 10.722656 -8.701172
80.859375 94.57031 52.734375 108.54492 10.986328 -8.701172
80.859375 95.44922 53.26172 108.54492 11.25 -8.701172
80.859375 96.240234 53.52539 108.54492 11.425781 -8.701172
80.68359 96.76758 53.61328 108.54492 11.689453 -8.701172
79.62891 97.4707 53.70117 108.54492 12.128906 -8.701172
81.38672 97.99805 53.789062 108.45703 12.480469 -8.701172
82.177734 98.4375 53.789062 108.45703 12.568359 -8.701172
82.08984 99.052734 53.70117 108.19336 12.568359 -8.701172
82.08984 99.31641 53.70117 107.75391 12.568359 -8.701172
82.08984 99.49219 53.61328 107.40234 12.568359 -8.701172
79.62891 99.84375 53.52539 106.875 12.480469 -8.525391
80.947266 99.93164 53.17383 106.083984 12.480469 -8.4375
81.91406 100.01953 53.17383 105.20508 12.216797 -8.173828
81.91406 100.19531 53.17383 103.97461 11.953125 -8.173828
82.00195 100.37109 53.17383 102.48047 11.513672 -8.173828
82.00195 100.458984 53.17383 100.98633 11.162109 -8.173828
82.177734 100.458984 53.17383 99.4043 10.458984 -8.173828
82.44141 100.458984 53.17383 97.91016 9.580078 -8.173828
82.70508 100.37109 53.17383 96.416016 8.876953 -8.173828
82.79297 100.2832 53.17383 94.57031 7.9101562 -8.173828
82.79297 100.10742 53.17383 92.98828 7.03125 -8.173828
82.79297 100.01953 53.17383 91.49414 5.9765625 -8.261719
82.88086 99.93164 53.17383 90.17578 5.0097656 -8.525391
83.05664 100.01953 53.34961 87.71484 4.0429688 -8.7890625
83.32031 101.16211 55.898438 82.70508 3.0761719 -9.84375
83.32031 103.71094 60.55664 76.728516 2.3730469 -11.337891
83.32031 106.69922 65.6543 70.48828 1.9335938 -11.25
83.32031 109.59961 71.36719 63.54492 1.6699219 -11.25
83.23242 112.06055 73.916016 58.710938 1.4941406 -11.25
83.23242 112.14844 74.26758 58.710938 1.4941406 -11.25
83.32031 112.14844 74.17969 58.623047 1.40625 -11.25
83.4082 112.76367 76.11328 57.48047 1.3183594 -11.25
83.49609 114.16992 78.48633 54.052734 1.1425781 -11.25
83.583984 115.83984 82.08984 50.53711 1.1425781 -11.25
83.671875 117.1582 84.46289 50.53711 1.1425781 -11.25
84.11133 117.24609 84.81445 50.36133 1.1425781 -11.25
84.72656 117.59766 85.25391 49.746094 1.1425781 -11.162109
84.990234 117.59766 85.25391 49.746094 1.1425781 -11.162109
82.79297 117.509766 86.572266 51.591797 0.7910156 -11.074219
82.353516 117.24609 85.69336 52.470703 0.26367188 -11.074219
82.00195 117.1582 85.60547 52.29492 0.26367188 -10.986328
81.91406 117.07031 85.60547 51.591797 0.087890625 -10.810547
83.84766 116.98242 85.69336 50.44922 0.3515625 -10.458984
82.00195 116.98242 85.78125 49.39453 0.0 -9.84375
81.82617 116.80664 85.69336 48.515625 -1.1425781 -9.667969
82.79297 116.63086 85.69336 47.460938 -1.1425781 -9.140625
83.4082 116.36719 85.95703 43.945312 -0.87890625 -9.316406
83.93555 116.98242 88.85742 37.441406 -1.1425781 -11.162109
84.02344 118.21289 92.63672 30.84961 -1.5820312 -11.25
83.84766 119.0918 95.71289 24.697266 -1.8457031 -11.25
83.84766 119.61914 97.822266 20.478516 -1.8457031 -11.25
81.38672 119.70703 99.228516 18.017578 -1.9335938 -11.25
82.177734 119.53125 97.822266 16.875 -2.109375 -11.162109
82.00195 118.916016 97.03125 17.226562 -2.0214844 -11.25
82.265625 118.30078 96.76758 17.138672 -2.0214844 -11.25
82.44141 117.94922 97.11914 16.699219 -2.0214844 -11.25
82.5293 117.94922 97.03125 17.314453 -2.0214844 -11.162109
82.44141 117.94922 96.85547 17.929688 -1.9335938 -11.162109
82.5293 118.03711 96.94336 18.105469 -1.9335938 -11.162109
82.5293 118.21289 97.11914 18.105469 -1.9335938 -11.162109
82.44141 118.30078 97.20703 18.105469 -1.9335938 -11.162109
82.5293 118.30078 97.20703 18.105469 -1.9335938 -11.074219
82.44141 118.21289 97.20703 18.017578 -1.9335938 -10.986328
82.44141 118.21289 97.20703 17.753906 -1.8457031 -10.986328
82.44141 118.03711 97.11914 17.402344 -1.8457031 -10.986328
82.44141 117.94922 97.11914 16.875 -1.8457031 -10.986328
82.44141 117.94922 97.03125 15.996094 -1.9335938 -10.986328
82.44141 117.94922 97.11914 14.765625 -1.9335938 -10.986328
82.44141 117.94922 97.03125 13.535156 -1.9335938 -11.074219
82.44141 117.94922 97.29492 10.458984 -2.0214844 -11.162109
82.44141 117.94922 98.17383 6.8554688 -2.0214844 -11.162109
82.44141 117.94922 98.52539 4.21875 -2.0214844 -11.162109
82.353516 117.86133 98.52539 2.8125 -2.0214844 -11.162109
82.353516 117.86133 98.52539 1.8457031 -2.0214844 -11.162109
82.353516 117.86133 98.52539 1.0546875 -2.0214844 -11.162109
82.44141 117.86133 98.4375 0.703125 -2.0214844 -11.162109
82.44141 117.86133 98.4375 0.52734375 -2.0214844 -11.162109
82.44141 117.77344 98.4375 0.26367188 -2.0214844 -11.162109
82.5293 117.77344 98.4375 0.17578125 -1.9335938 -11.162109
82.5293 117.77344 98.4375 0.087890625 -1.9335938 -11.162109
82.5293 117.77344 98.4375 -0.087890625 -1.9335938 -11.162109
82.5293 117.68555 98.52539 -0.43945312 -1.8457031 -11.162109
82.5293 117.68555 98.61328 -1.0546875 -1.8457031 -11.162109
82.5293 117.59766 98.70117 -1.5820312 -1.9335938 -11.074219
82.5293 117.59766 98.70117 -2.0214844 -1.8457031 -11.074219
82.44141 117.509766 98.70117 -2.3730469 -1.9335938 -11.162109
82.44141 117.509766 98.70117 -2.3730469 -1.9335938 -11.162109
82.44141 117.509766 98.70117 -2.2851562 -1.9335938 -11.162109
82.44141 117.421875 98.70117 -1.8457031 -1.9335938 -11.162109
82.5293 117.421875 98.78906 -1.40625 -2.0214844 -11.162109
82.5293 117.421875 98.87695 -0.43945312 -2.0214844 -11.162109
82.5293 117.509766 98.87695 0.9667969 -2.0214844 -11.162109
82.5293 117.509766 98.87695 2.6367188 -2.0214844 -11.162109
82.5293 117.509766 98.87695 4.3066406 -2.0214844 -11.162109
82.61719 117.509766 98.87695 6.1523438 -2.0214844 -11.162109
82.70508 117.59766 98.87695 7.998047 -2.109375 -11.162109
82.70508 117.59766 98.87695 9.755859 -2.109375 -11.162109
82.88086 117.59766 98.87695 11.513672 -2.109375 -11.074219
83.05664 117.59766 98.87695 13.447266 -2.0214844 -11.074219
83.14453 117.59766 98.87695 15.380859 -2.109375 -11.074219
83.32031 117.59766 98.87695 17.050781 -2.109375 -11.074219
83.49609 117.59766 98.87695 18.808594 -2.0214844 -11.074219
83.671875 117.59766 98.87695 20.214844 -2.0214844 -11.074219
83.84766 117.59766 98.87695 21.533203 -2.0214844 -11.074219
83.84766 117.59766 98.87695 22.939453 -2.0214844 -11.074219
84.02344 117.68555 98.87695 24.433594 -2.0214844 -11.074219
84.11133 117.68555 98.87695 26.015625 -2.0214844 -11.074219
84.19922 117.68555 98.87695 27.597656 -2.0214844 -11.074219
84.28711 117.77344 98.78906 29.267578 -1.9335938 -11.074219
84.46289 117.77344 98.78906 30.84961 -1.9335938 -10.986328
84.55078 117.77344 98.78906 32.34375 -1.8457031 -10.8984375
82.44141 117.94922 98.87695 34.277344 -1.8457031 -10.634766
81.73828 117.86133 98.70117 36.47461 -2.0214844 -10.371094
81.73828 117.77344 98.61328 38.23242 -1.9335938 -9.404297
83.23242 117.77344 98.70117 39.902344 -1.5820312 -8.0859375
84.46289 117.68555 98.78906 41.660156 -1.1425781 -6.5039062
84.990234 117.68555 98.78906 43.50586 -1.0546875 -6.2402344
85.166016 117.59766 98.78906 45.17578 -1.0546875 -6.8554688
85.166016 117.59766 98.87695 46.66992 -1.0546875 -7.734375
82.61719 117.68555 98.96484 48.339844 -0.9667969 -8.613281
81.65039 117.59766 98.87695 50.36133 -1.1425781 -9.4921875
81.5625 117.509766 98.87695 51.679688 -1.0546875 -10.634766
81.82617 117.509766 98.96484 52.734375 -1.0546875 -11.25
83.759766 117.509766 98.96484 53.61328 -0.7910156 -11.25
82.08984 117.59766 98.96484 54.492188 -0.6152344 -11.25
81.91406 117.509766 98.87695 55.371094 -0.7910156 -11.162109
83.84766 117.421875 98.96484 55.722656 -0.43945312 -10.634766
84.55078 117.421875 99.052734 56.16211 0.0 -10.019531
84.90234 117.333984 99.228516 56.33789 0.087890625 -9.316406
84.990234 117.24609 99.228516 56.51367 0.087890625 -8.876953
82.44141 117.333984 99.228516 56.777344 0.0 -8.876953
81.47461 117.24609 99.140625 56.865234 -0.17578125 -9.404297
81.5625 117.24609 99.140625 56.51367 0.0 -10.107422
83.14453 117.421875 99.052734 56.33789 0.087890625 -10.283203
81.47461 117.421875 98.96484 55.810547 -0.087890625 -10.283203
80.947266 117.333984 98.70117 55.01953 -0.3515625 -10.283203
81.03516 117.333984 98.61328 54.140625 -0.26367188 -10.283203
82.70508 117.333984 98.52539 52.822266 0.0 -10.371094
80.859375 117.421875 98.61328 51.503906 -0.087890625 -10.107422
81.03516 117.421875 98.34961 50.44922 -0.26367188 -10.019531
82.88086 117.421875 98.17383 49.13086 -0.087890625 -9.404297
83.4082 117.333984 98.17383 47.460938 0.17578125 -9.052734
83.583984 117.421875 98.17383 45.878906 0.17578125 -9.580078
83.583984 117.421875 97.99805 44.208984 0.087890625 -10.546875
83.583984 117.509766 97.91016 42.45117 0.087890625 -11.162109
83.583984 117.59766 98.17383 38.23242 0.087890625 -11.25
83.671875 118.38867 100.458984 31.113281 0.087890625 -11.162109
83.49609 119.53125 103.53516 23.99414 0.087890625 -11.162109
83.32031 120.146484 105.82031 17.402344 0.087890625 -11.162109
83.14453 120.49805 106.96289 13.271484 0.087890625 -11.162109
83.14453 120.58594 107.22656 10.810547 0.087890625 -11.162109
83.14453 120.67383 107.22656 9.316406 0.17578125 -10.986328
83.05664 120.67383 107.22656 7.8222656 0.17578125 -10.810547
83.05664 120.58594 107.22656 6.328125 0.17578125 -10.458984
83.05664 120.58594 107.13867 5.0976562 0.17578125 -9.667969
83.05664 120.58594 107.13867 4.0429688 0.17578125 -9.052734
83.05664 120.58594 107.05078 3.6914062 0.17578125 -8.4375
83.05664 120.58594 106.96289 3.4277344 0.17578125 -8.613281
83.05664 120.67383 106.69922 3.1640625 0.17578125 -9.140625
83.05664 120.76172 106.52344 2.8125 0.17578125 -9.755859
83.05664 120.84961 106.52344 2.109375 0.26367188 -10.1953125
83.05664 120.84961 106.52344 1.1425781 0.17578125 -10.371094
82.96875 120.84961 106.52344 0.17578125 0.26367188 -10.371094
82.70508 120.76172 106.52344 -0.87890625 0.17578125 -10.371094
82.61719 120.67383 106.52344 -2.0214844 0.17578125 -10.107422
82.44141 120.58594 106.43555 -3.1640625 0.17578125 -9.580078
82.353516 120.41016 106.43555 -4.1308594 0.17578125 -8.964844
82.265625 120.322266 106.43555 -5.185547 0.17578125 -8.876953
82.265625 120.234375 106.259766 -5.2734375 0.17578125 -9.228516
82.265625 120.146484 105.64453 -5.185547 0.17578125 -9.931641
82.177734 120.05859 105.0293 -5.185547 0.17578125 -10.722656
82.177734 119.88281 104.41406 -5.4492188 0.26367188 -11.25
82.177734 119.70703 103.88672 -5.8007812 0.26367188 -11.25
82.177734 119.70703 103.359375 -6.064453 0.3515625 -10.986328
82.08984 119.70703 102.91992 -6.591797 0.3515625 -10.546875
82.08984 119.61914 102.56836 -7.1191406 0.3515625 -10.019531
82.08984 119.61914 102.12891 -7.2070312 0.3515625 -9.404297
82.08984 119.61914 101.77734 -7.2070312 0.43945312 -8.964844
82.08984 119.61914 101.51367 -7.2070312 0.43945312 -8.964844
82.08984 119.61914 101.33789 -7.294922 0.43945312 -9.4921875
82.08984 119.61914 101.07422 -7.2070312 0.3515625 -10.458984
82.08984 119.61914 100.81055 -7.2070312 0.26367188 -11.25
82.08984 119.61914 100.72266 -7.1191406 0.26367188 -11.25
82.08984 119.70703 100.72266 -6.8554688 0.26367188 -10.8984375
82.08984 119.70703 100.72266 -6.4160156 0.17578125 -10.019531
82.08984 119.79492 100.89844 -5.2734375 0.17578125 -8.7890625
82.08984 119.88281 100.98633 -3.6035156 0.17578125 -7.470703
82.08984 120.05859 100.98633 -1.5820312 0.17578125 -6.9433594
82.08984 120.234375 100.98633 0.6152344 0.087890625 -7.3828125
82.08984 120.41016 100.98633 2.8125 0.087890625 -7.9101562
82.08984 120.67383 100.98633 4.921875 0.087890625 -8.349609
82.08984 120.76172 100.98633 7.2070312 0.17578125 -8.525391
82.08984 120.76172 100.98633 9.140625 0.087890625 -8.525391
82.08984 120.76172 100.89844 10.634766 0.087890625 -8.525391
82.08984 120.76172 100.89844 12.128906 0.087890625 -8.525391
82.08984 120.76172 100.89844 13.7109375 0.087890625 -8.525391
82.08984 120.67383 100.89844 15.1171875 0.17578125 -8.525391
82.08984 120.67383 100.89844 16.435547 0.17578125 -8.525391
82.177734 120.67383 100.89844 17.578125 0.17578125 -8.525391
82.177734 120.58594 100.89844 18.720703 0.17578125 -8.525391
82.177734 120.58594 100.89844 19.6875 0.17578125 -8.525391
82.265625 120.49805 100.89844 20.654297 0.17578125 -8.525391
82.353516 120.49805 100.89844 21.621094 0.17578125 -8.525391
82.353516 120.49805 100.89844 22.675781 0.17578125 -8.525391
82.353516 120.41016 100.89844 23.466797 0.17578125 -8.525391
82.44141 120.41016 100.98633 23.99414 0.17578125 -8.525391
82.44141 120.41016 100.89844 24.433594 0.17578125 -8.525391
82.5293 120.41016 100.89844 24.873047 0.17578125 -8.525391
82.5293 120.41016 100.89844 24.960938 0.17578125 -8.525391
82.5293 120.322266 100.89844 25.136719 0.17578125 -8.525391
82.5293 120.322266 100.89844 25.22461 0.17578125 -8.525391
82.61719 120.322266 100.98633 25.3125 0.17578125 -8.525391
82.70508 120.322266 100.89844 25.664062 0.17578125 -8.525391
82.70508 120.322266 100.81055 26.103516 0.17578125 -8.525391
82.70508 120.322266 100.81055 26.279297 0.17578125 -8.525391
82.70508 120.41016 100.81055 26.367188 0.17578125 -8.525391
82.79297 120.41016 100.81055 26.367188 0.17578125 -8.525391
82.70508 120.49805 100.81055 26.367188 0.17578125 -8.525391
82.79297 120.49805 100.81055 26.279297 0.17578125 -8.525391
82.79297 120.49805 100.81055 26.103516 0.17578125 -8.525391
82.70508 120.58594 100.72266 25.839844 0.17578125 -8.525391
82.70508 120.67383 100.72266 25.488281 0.17578125 -8.525391
82.70508 120.67383 100.634766 25.136719 0.17578125 -8.525391
82.79297 120.67383 100.458984 25.048828 0.17578125 -8.525391
82.70508 120.67383 100.37109 24.960938 0.17578125 -8.525391
82.70508 120.67383 100.19531 25.048828 0.17578125 -8.525391
82.79297 120.67383 100.01953 25.048828 0.17578125 -8.525391
82.70508 120.67383 99.93164 25.22461 0.17578125 -8.525391
82.70508 120.67383 99.84375 25.3125 0.17578125 -8.525391
82.70508 120.67383 99.75586 25.3125 0.17578125 -8.525391
82.70508 120.67383 99.75586 25.488281 0.17578125 -8.525391
82.70508 120.67383 99.75586 25.664062 0.17578125 -8.525391
82.70508 120.67383 99.75586 26.103516 0.17578125 -8.525391
82.70508 120.67383 99.75586 26.63086 0.26367188 -8.525391
82.61719 120.67383 99.75586 27.421875 0.52734375 -8.525391
82.61719 120.67383 99.84375 28.300781 1.0546875 -8.525391
82.5293 120.67383 99.93164 28.916016 1.7578125 -8.525391
82.353516 120.67383 99.93164 29.44336 2.3730469 -8.525391
82.08984 120.58594 99.93164 29.61914 2.9003906 -8.525391
81.82617 120.58594 100.01953 29.61914 3.2519531 -8.525391
81.38672 120.49805 100.01953 29.44336 3.2519531 -8.525391
81.03516 120.49805 100.01953 29.003906 3.2519531 -8.525391
80.859375 120.41016 100.01953 28.21289 3.2519531 -8.525391
80.859375 120.41016 99.93164 26.982422 3.2519531 -8.525391
80.947266 120.322266 99.93164 25.751953 3.2519531 -8.525391
80.947266 120.322266 99.93164 24.521484 3.1640625 -8.525391
78.83789 120.49805 99.93164 23.642578 2.8125 -8.525391
79.89258 120.49805 99.66797 23.027344 2.0214844 -8.525391
80.41992 120.58594 99.58008 22.236328 2.2851562 -8.525391
78.57422 120.58594 99.66797 21.796875 1.7578125 -8.525391
78.48633 120.58594 99.4043 21.533203 0.43945312 -8.525391
78.046875 120.58594 99.4043 21.357422 0.087890625 -8.525391
78.046875 120.58594 99.4043 21.00586 0.087890625 -8.525391
77.958984 120.67383 99.31641 21.00586 0.087890625 -8.525391
77.958984 120.67383 99.31641 21.00586 0.087890625 -8.525391
77.958984 120.76172 99.31641 21.00586 0.087890625 -8.525391
77.958984 120.76172 99.31641 21.09375 0.087890625 -8.525391
77.958984 120.76172 99.31641 21.00586 0.087890625 -8.525391
79.365234 120.76172 99.31641 20.917969 0.3515625 -8.525391
80.15625 120.58594 99.31641 20.654297 0.703125 -8.525391
80.41992 120.49805 99.31641 20.039062 0.703125 -8.525391
80.33203 120.322266 99.31641 18.896484 0.6152344 -8.525391
77.34375 120.41016 99.4043 17.841797 0.3515625 -8.525391
75.49805 120.146484 99.4043 16.435547 -0.6152344 -8.525391
73.916016 120.05859 99.4043 14.4140625 -1.0546875 -8.525391
74.79492 120.05859 99.58008 11.337891 -0.43945312 -8.525391
73.125 119.79492 100.2832 8.261719 -0.52734375 -8.525391
73.03711 119.61914 100.10742 6.5039062 -1.8457031 -8.525391
72.86133 119.53125 100.01953 5.2734375 -2.8125 -8.525391
72.86133 119.53125 99.84375 4.3945312 -2.9003906 -8.525391
72.86133 119.53125 99.75586 3.9550781 -2.9003906 -8.525391
73.03711 119.53125 99.75586 3.9550781 -2.8125 -8.525391
74.26758 119.79492 99.75586 3.8671875 -2.6367188 -8.525391
75.322266 119.88281 99.84375 4.21875 -2.1972656 -8.525391
76.46484 119.88281 99.84375 5.0976562 -1.8457031 -8.525391
77.60742 119.9707 99.75586 6.1523438 -1.5820312 -8.525391
75.41016 120.146484 99.75586 7.1191406 -1.8457031 -8.525391
74.17969 120.146484 99.75586 7.6464844 -2.2851562 -8.525391
72.24609 120.146484 99.75586 7.734375 -2.2851562 -8.525391
71.71875 120.05859 99.84375 7.8222656 -2.2851562 -8.525391
73.125 120.322266 99.93164 7.9101562 -1.8457031 -8.525391
72.421875 120.234375 99.93164 8.525391 -1.8457031 -8.525391
72.333984 120.146484 99.93164 9.052734 -2.9003906 -8.525391
72.1582 120.05859 99.84375 9.4921875 -3.0761719 -8.525391
71.80664 120.05859 99.93164 10.107422 -3.0761719 -8.525391
72.07031 120.05859 99.93164 10.8984375 -3.0761719 -8.525391
74.35547 120.234375 99.84375 11.953125 -2.7246094 -8.525391
76.20117 120.146484 99.75586 12.919922 -1.40625 -8.525391
77.958984 120.05859 99.75586 13.798828 -0.43945312 -8.525391
79.27734 120.05859 99.66797 14.853516 -0.3515625 -8.525391
76.46484 120.234375 99.58008 16.259766 -0.6152344 -8.525391
74.88281 120.146484 99.49219 17.138672 -1.1425781 -8.525391
73.65234 120.146484 99.66797 17.402344 -1.1425781 -8.525391
73.21289 120.146484 99.75586 17.666016 -1.1425781 -8.525391
75.49805 120.234375 99.66797 18.017578 -0.7910156 -8.525391
74.9707 120.146484 99.58008 18.544922 -0.87890625 -8.525391
74.9707 120.146484 99.4043 19.072266 -2.3730469 -8.525391
74.88281 119.9707 99.4043 19.160156 -3.3398438 -8.525391
74.88281 119.9707 99.58008 19.248047 -3.2519531 -8.525391
75.146484 119.9707 99.66797 19.511719 -3.2519531 -8.525391
77.87109 119.9707 99.58008 20.039062 -2.9882812 -8.525391
79.541016 119.9707 99.4043 20.654297 -2.4609375 -8.525391
81.21094 119.88281 99.4043 21.09375 -2.4609375 -8.525391
82.5293 119.79492 99.4043 21.796875 -2.5488281 -8.525391
80.15625 120.05859 99.4043 22.675781 -2.9003906 -8.525391
78.66211 120.05859 99.4043 23.203125 -3.9550781 -8.525391
77.69531 120.05859 99.49219 23.378906 -3.9550781 -8.525391
77.08008 120.05859 99.58008 23.378906 -3.9550781 -8.525391
77.08008 120.146484 99.49219 23.378906 -4.0429688 -8.525391
77.16797 120.146484 99.31641 23.378906 -4.3066406 -8.525391
77.16797 120.146484 99.228516 23.291016 -4.921875 -8.525391
77.16797 120.146484 99.052734 23.291016 -5.4492188 -8.525391
77.16797 120.146484 98.96484 23.203125 -5.4492188 -8.525391
77.16797 120.146484 98.96484 23.203125 -5.4492188 -8.525391
77.43164 120.146484 98.96484 23.115234 -5.4492188 -8.525391
80.15625 120.234375 98.87695 22.939453 -5.0976562 -8.525391
81.73828 120.234375 98.87695 22.939453 -4.1308594 -8.525391
83.32031 120.05859 98.87695 23.203125 -4.0429688 -8.525391
84.46289 119.9707 98.87695 23.378906 -4.0429688 -8.525391
81.73828 120.05859 98.96484 23.466797 -4.3945312 -8.525391
79.7168 119.9707 99.052734 23.642578 -5.5371094 -8.525391
78.22266 119.88281 99.31641 23.554688 -5.5371094 -8.525391
77.7832 119.79492 99.31641 23.554688 -5.4492188 -8.525391
79.80469 119.79492 99.31641 23.466797 -5.0097656 -8.525391
79.01367 119.70703 99.31641 23.642578 -4.658203 -8.525391
79.01367 119.61914 99.31641 23.642578 -5.4492188 -8.525391
78.83789 119.44336 99.31641 23.466797 -5.8007812 -8.525391
78.66211 119.00391 99.31641 23.466797 -5.8007812 -8.525391
78.57422 118.740234 99.31641 23.378906 -5.7128906 -8.525391
78.57422 118.65234 99.4043 23.466797 -5.7128906 -8.525391
78.66211 118.56445 99.4043 23.378906 -5.8007812 -8.525391
78.66211 118.47656 99.4043 23.378906 -5.8007812 -8.525391
78.66211 118.21289 99.4043 23.466797 -5.8007812 -8.525391
78.57422 118.03711 99.4043 23.378906 -5.8007812 -8.525391
78.75 117.94922 99.4043 23.378906 -5.8007812 -8.525391
81.12305 117.77344 99.4043 23.203125 -5.5371094 -8.525391
82.61719 117.68555 99.31641 23.027344 -4.7460938 -8.525391
83.84766 117.509766 99.4043 23.027344 -4.482422 -8.525391
84.81445 117.333984 99.4043 23.027344 -4.5703125 -8.525391
82.08984 117.421875 99.4043 23.203125 -5.0097656 -8.525391
80.41992 117.333984 99.4043 23.203125 -6.4160156 -8.525391
79.7168 117.24609 99.4043 23.115234 -6.6796875 -8.525391
79.27734 117.24609 99.49219 23.115234 -6.5039062 -8.525391
81.65039 117.333984 99.4043 23.027344 -6.2402344 -8.525391
80.859375 117.333984 99.4043 23.203125 -6.1523438 -8.525391
80.859375 117.24609 99.4043 23.203125 -7.294922 -8.525391
80.771484 117.1582 99.4043 23.115234 -8.4375 -8.525391
80.859375 117.07031 99.4043 23.027344 -8.4375 -8.525391
82.70508 117.07031 99.4043 22.851562 -7.998047 -8.525391
83.671875 116.98242 99.4043 22.763672 -6.8554688 -8.525391
84.990234 116.98242 99.4043 22.763672 -6.2402344 -8.525391
86.30859 116.71875 99.49219 22.851562 -6.2402344 -8.525391
84.02344 116.63086 99.58008 23.027344 -6.591797 -8.525391
83.05664 116.54297 99.75586 23.027344 -7.5585938 -8.525391
82.44141 116.45508 99.93164 22.939453 -7.734375 -8.525391
81.91406 116.45508 100.10742 22.939453 -7.734375 -8.525391
84.19922 116.63086 100.10742 22.763672 -7.470703 -8.525391
82.88086 116.54297 100.19531 22.851562 -7.1191406 -8.525391
82.79297 116.54297 100.19531 22.851562 -8.0859375 -8.525391
82.88086 116.54297 100.19531 22.675781 -8.876953 -8.525391
85.078125 116.63086 100.19531 22.236328 -8.4375 -8.525391
86.13281 116.63086 100.19531 22.060547 -7.03125 -8.525391
87.01172 116.54297 100.19531 22.060547 -6.064453 -8.525391
87.71484 116.54297 100.19531 22.060547 -5.9765625 -8.525391
85.25391 116.71875 100.2832 22.324219 -6.4160156 -8.525391
83.93555 116.63086 100.2832 22.236328 -7.5585938 -8.525391
83.32031 116.63086 100.37109 22.148438 -7.734375 -8.525391
83.4082 116.63086 100.37109 22.236328 -7.734375 -8.525391
85.60547 116.89453 100.2832 22.060547 -7.6464844 -8.525391
84.63867 116.71875 100.2832 21.972656 -7.734375 -8.525391
84.55078 116.71875 100.19531 21.884766 -9.228516 -8.525391
84.46289 116.63086 100.19531 21.621094 -10.019531 -8.525391
84.28711 116.54297 100.19531 21.269531 -10.019531 -8.525391
87.01172 116.54297 100.10742 20.917969 -9.4921875 -8.525391
88.68164 116.54297 100.10742 20.830078 -8.0859375 -8.525391
90.17578 116.45508 100.10742 20.917969 -7.470703 -8.525391
91.31836 116.36719 100.2832 21.00586 -7.5585938 -8.525391
89.0332 116.54297 100.546875 21.18164 -8.0859375 -8.525391
88.1543 116.45508 100.634766 21.357422 -9.316406 -8.525391
87.45117 116.45508 100.81055 21.357422 -9.316406 -8.525391
87.1875 116.54297 100.89844 21.357422 -9.316406 -8.525391
88.76953 116.98242 100.89844 21.269531 -9.052734 -8.525391
87.1875 116.98242 100.89844 21.269531 -8.701172 -8.525391
87.01172 116.98242 100.72266 21.18164 -9.316406 -8.525391
85.86914 116.98242 100.72266 21.00586 -9.4921875 -8.525391
84.55078 116.89453 100.458984 20.830078 -9.4921875 -8.525391
83.4082 116.89453 100.37109 20.478516 -9.4921875 -8.525391
82.44141 116.89453 100.19531 19.951172 -9.404297 -8.525391
82.177734 116.80664 100.19531 19.248047 -9.404297 -8.525391
81.47461 116.71875 100.19531 18.544922 -9.4921875 -8.525391
81.38672 116.54297 100.19531 17.753906 -9.404297 -8.525391
80.771484 116.45508 100.19531 16.96289 -9.4921875 -8.525391
80.68359 116.36719 100.19531 16.523438 -9.4921875 -8.525391
80.771484 115.927734 100.19531 16.171875 -9.4921875 -8.525391
82.5293 115.75195 100.19531 15.996094 -9.140625 -8.525391
83.671875 115.75195 100.19531 15.996094 -8.4375 -8.525391
84.990234 115.75195 100.19531 16.347656 -7.998047 -8.525391
86.04492 115.75195 100.2832 16.699219 -7.998047 -8.525391
83.759766 116.103516 100.546875 17.402344 -8.4375 -8.525391
82.44141 116.2793 100.634766 18.105469 -9.667969 -8.525391
81.38672 116.54297 100.81055 18.632812 -9.84375 -8.525391
81.12305 116.89453 100.98633 19.160156 -9.667969 -8.525391
83.05664 117.68555 101.07422 19.6875 -9.404297 -8.525391
82.44141 117.86133 101.25 20.390625 -9.052734 -8.525391
82.353516 118.03711 101.33789 21.18164 -10.019531 -8.525391
82.265625 118.03711 101.33789 21.708984 -10.546875 -8.525391
82.00195 118.03711 101.42578 22.060547 -10.458984 -8.525391
83.93555 118.38867 101.60156 22.236328 -10.019531 -8.525391
85.078125 118.38867 101.77734 22.324219 -8.613281 -8.525391
86.30859 118.38867 102.041016 22.675781 -7.734375 -8.525391
87.45117 118.47656 102.12891 23.203125 -7.6464844 -8.525391
84.90234 118.740234 102.2168 23.81836 -8.0859375 -8.525391
83.671875 118.740234 102.30469 24.169922 -9.316406 -8.525391
83.14453 118.740234 102.48047 24.345703 -9.316406 -8.525391
82.61719 118.828125 102.65625 24.521484 -9.140625 -8.525391
84.72656 119.0918 102.83203 24.609375 -8.876953 -8.525391
83.759766 119.0918 102.91992 24.873047 -8.525391 -8.525391
83.671875 119.00391 102.91992 25.048828 -9.404297 -8.525391
83.32031 119.00391 103.00781 25.048828 -10.019531 -8.525391
83.23242 118.916016 103.00781 25.048828 -9.931641 -8.525391
83.4082 118.916016 103.0957 25.048828 -9.84375 -8.525391
84.990234 119.00391 103.0957 24.960938 -9.4921875 -8.525391
86.30859 118.828125 103.0957 24.785156 -8.7890625 -8.525391
87.09961 118.740234 103.18359 24.785156 -8.261719 -8.525391
87.45117 118.740234 103.18359 24.873047 -8.261719 -8.525391
84.72656 118.828125 103.18359 24.960938 -8.613281 -8.525391
83.23242 118.740234 103.271484 24.873047 -9.4921875 -8.525391
82.5293 118.740234 103.271484 24.697266 -9.404297 -8.525391
82.08984 118.740234 103.271484 24.609375 -9.316406 -8.525391
84.55078 118.916016 103.271484 24.257812 -9.052734 -8.525391
83.32031 118.828125 103.271484 23.99414 -8.701172 -8.525391
83.32031 118.828125 103.18359 23.99414 -9.84375 -8.525391
83.23242 118.828125 103.18359 23.81836 -10.458984 -8.525391
83.32031 118.828125 103.18359 23.554688 -10.458984 -8.525391
85.078125 118.828125 103.18359 23.027344 -10.107422 -8.525391
85.95703 118.740234 103.271484 22.41211 -9.404297 -8.525391
86.396484 118.740234 103.271484 22.324219 -9.052734 -8.525391
87.01172 118.740234 103.18359 22.148438 -8.964844 -8.525391
85.25391 118.916016 103.271484 22.148438 -9.228516 -8.525391
84.72656 118.916016 103.18359 22.060547 -10.107422 -8.525391
84.72656 118.828125 103.18359 21.972656 -10.283203 -8.525391
84.990234 118.740234 103.0957 21.796875 -10.283203 -8.525391
86.83594 118.740234 103.0957 21.533203 -10.107422 -8.525391
87.978516 118.65234 103.0957 21.445312 -9.580078 -8.525391
88.85742 118.828125 103.0957 21.621094 -9.404297 -8.525391
89.56055 118.916016 103.0957 21.972656 -9.404297 -8.525391
87.890625 119.35547 103.271484 22.41211 -9.580078 -8.525391
87.802734 119.53125 103.18359 23.027344 -9.755859 -8.525391
87.62695 119.53125 103.271484 23.466797 -9.4921875 -8.525391
87.45117 119.44336 103.359375 23.81836 -9.404297 -8.525391
89.12109 119.26758 103.359375 24.345703 -9.052734 -8.525391
89.56055 119.26758 103.447266 25.3125 -8.173828 -8.525391
88.33008 119.53125 103.71094 26.455078 -7.734375 -8.525391
89.82422 119.44336 103.79883 27.158203 -7.470703 -8.525391
89.64844 119.44336 104.15039 27.861328 -6.064453 -8.525391
89.64844 119.44336 104.765625 28.21289 -4.482422 -8.525391
89.64844 119.35547 105.46875 28.03711 -3.1640625 -8.525391
87.36328 119.53125 106.171875 27.949219 -2.3730469 -8.525391
88.33008 119.26758 106.61133 27.685547 -1.9335938 -8.525391
88.24219 119.0918 107.05078 27.333984 -0.87890625 -8.525391
88.24219 118.916016 107.40234 27.070312 0.0 -8.525391
88.24219 118.916016 107.578125 26.71875 0.087890625 -8.525391
88.24219 118.740234 107.578125 26.542969 0.087890625 -8.525391
88.24219 118.65234 107.578125 26.191406 0.087890625 -8.525391
88.24219 118.56445 107.490234 25.576172 0.087890625 -8.525391
88.41797 118.65234 107.40234 25.136719 0.0 -8.525391
88.50586 118.740234 107.22656 25.048828 -0.087890625 -8.525391
88.76953 118.916016 106.96289 25.048828 -0.17578125 -8.525391
89.208984 119.0918 106.69922 25.136719 -0.17578125 -8.525391
89.56055 119.35547 106.52344 25.136719 -0.26367188 -8.525391
89.73633 119.61914 106.34766 25.22461 -0.43945312 -8.525391
89.91211 119.79492 106.259766 25.3125 -0.703125 -8.525391
88.85742 119.9707 106.083984 25.488281 -1.1425781 -8.525391
88.76953 119.9707 105.9082 25.664062 -2.3730469 -8.525391
88.85742 119.9707 105.82031 25.664062 -2.9882812 -8.525391
90.0 119.88281 105.82031 25.664062 -2.9882812 -8.525391
90.35156 119.88281 105.82031 25.751953 -2.9003906 -8.525391
90.52734 119.88281 105.82031 26.015625 -2.9882812 -8.525391
90.52734 119.79492 105.82031 26.542969 -2.9003906 -8.525391
88.41797 119.79492 105.82031 26.80664 -3.0761719 -8.525391
87.890625 119.70703 105.9082 26.894531 -3.2519531 -8.525391
87.71484 119.26758 105.9082 26.63086 -3.0761719 -8.525391
88.1543 118.916016 105.9082 26.191406 -2.9003906 -8.525391
86.13281 118.916016 105.99609 25.488281 -3.1640625 -8.525391
85.60547 118.828125 105.9082 24.345703 -3.4277344 -8.525391
85.51758 118.38867 105.9082 22.58789 -3.3398438 -8.525391
85.42969 117.86133 105.9082 20.390625 -3.1640625 -8.525391
84.28711 117.59766 105.9082 18.457031 -3.1640625 -8.525391
84.02344 117.421875 105.73242 16.611328 -3.3398438 -8.525391
84.02344 117.1582 105.64453 13.7109375 -3.1640625 -8.525391
84.02344 117.1582 105.9082 10.634766 -3.1640625 -8.525391
84.11133 117.07031 105.9082 8.7890625 -3.1640625 -8.525391
85.166016 116.98242 105.73242 7.294922 -3.0761719 -8.525391
85.42969 116.98242 105.64453 6.4160156 -2.9882812 -8.525391
85.78125 117.07031 105.55664 5.888672 -2.9882812 -8.525391
85.95703 117.1582 105.55664 5.5371094 -2.9882812 -8.525391
86.13281 117.421875 105.55664 5.5371094 -2.9882812 -8.525391
84.63867 117.59766 105.64453 5.5371094 -3.0761719 -8.525391
84.19922 117.77344 105.64453 6.4160156 -3.2519531 -8.525391
84.28711 117.86133 105.64453 7.294922 -3.2519531 -8.525391
86.04492 117.94922 105.64453 7.9101562 -3.0761719 -8.525391
86.74805 118.30078 105.64453 8.701172 -2.9003906 -8.525391
87.1875 118.65234 105.64453 10.019531 -2.9003906 -8.525391
87.45117 119.00391 105.73242 11.6015625 -2.9003906 -8.525391
87.45117 119.35547 105.73242 13.183594 -2.9003906 -8.525391
85.25391 119.79492 106.083984 14.677734 -3.1640625 -8.525391
84.81445 119.9707 106.259766 15.996094 -3.6035156 -8.525391
84.81445 120.05859 106.69922 16.96289 -3.515625 -8.525391
85.86914 120.05859 107.31445 17.490234 -3.1640625 -8.525391
84.46289 120.234375 108.19336 17.666016 -3.1640625 -8.525391
84.28711 120.322266 108.896484 17.666016 -3.515625 -8.525391
84.19922 120.234375 109.42383 17.578125 -3.515625 -8.525391
84.19922 120.146484 109.6875 17.578125 -3.515625 -8.525391
84.11133 120.05859 109.77539 17.578125 -3.515625 -8.525391
84.11133 119.9707 109.77539 17.402344 -3.515625 -8.525391
84.11133 119.88281 109.6875 16.96289 -3.515625 -8.525391
84.11133 119.88281 109.42383 16.699219 -3.6035156 -8.525391
84.11133 119.88281 109.16016 16.347656 -3.6035156 -8.525391
84.11133 119.88281 108.80859 15.8203125 -3.6035156 -8.525391
84.11133 119.9707 108.28125 15.292969 -3.6914062 -8.525391
84.11133 120.05859 107.8418 14.853516 -3.6914062 -8.525391
84.11133 120.234375 107.05078 14.765625 -3.6914062 -8.525391
84.02344 120.234375 106.171875 14.765625 -3.6914062 -8.525391
84.02344 120.234375 105.11719 14.765625 -3.6914062 -8.525391
84.02344 120.234375 104.23828 14.677734 -3.6914062 -8.525391
83.84766 120.234375 103.447266 14.589844 -3.6914062 -8.525391
82.88086 120.234375 102.91992 14.0625 -3.8671875 -8.525391
82.44141 120.146484 102.48047 13.095703 -3.8671875 -8.525391
82.265625 120.05859 102.30469 11.777344 -3.7792969 -8.525391
82.177734 119.88281 102.30469 10.1953125 -3.6914062 -8.525391
81.38672 119.79492 102.30469 8.964844 -3.7792969 -8.525391
81.21094 119.70703 102.2168 7.734375 -3.6914062 -8.525391
80.859375 119.70703 102.2168 6.591797 -3.6914062 -8.525391
80.771484 119.61914 102.2168 5.185547 -3.6035156 -8.525391
80.771484 119.53125 102.39258 3.7792969 -3.515625 -8.525391
80.859375 119.26758 102.39258 2.9003906 -3.3398438 -8.525391
82.00195 119.17969 102.2168 1.9335938 -2.7246094 -8.525391
82.5293 119.17969 102.2168 1.1425781 -1.5820312 -8.525391
82.88086 119.0918 102.2168 0.52734375 -0.3515625 -8.525391
83.05664 119.0918 102.12891 0.17578125 0.3515625 -8.525391
83.05664 119.0918 102.041016 -0.087890625 0.87890625 -8.525391
82.96875 119.0918 101.953125 -0.43945312 1.4941406 -8.525391
81.03516 119.17969 101.953125 -0.7910156 1.40625 -8.525391
82.00195 119.26758 101.953125 -1.3183594 1.2304688 -8.525391
82.00195 119.26758 101.953125 -1.8457031 1.9335938 -8.525391
82.00195 119.17969 101.953125 -2.1972656 2.1972656 -8.525391
82.177734 119.0918 101.953125 -2.1972656 2.1972656 -8.525391
82.177734 119.0918 101.953125 -2.1972656 2.1972656 -8.525391
82.177734 119.00391 101.953125 -2.1972656 2.1972656 -8.525391
82.177734 119.00391 102.12891 -2.1972656 2.1972656 -8.525391
82.177734 118.916016 102.39258 -2.109375 2.2851562 -8.525391
82.177734 118.916016 102.48047 -1.9335938 2.2851562 -8.525391
82.08984 118.916016 102.48047 -1.6699219 2.1972656 -8.525391
82.08984 118.916016 102.56836 -1.2304688 2.2851562 -8.525391
82.08984 118.916016 102.74414 -0.7910156 2.2851562 -8.525391
82.08984 118.916016 102.91992 -0.26367188 2.2851562 -8.525391
82.08984 118.916016 103.0957 0.26367188 2.2851562 -8.525391
82.08984 118.916016 103.18359 0.703125 2.2851562 -8.525391
82.177734 118.916016 103.271484 1.0546875 2.2851562 -8.525391
82.265625 119.00391 103.271484 1.3183594 2.1972656 -8.525391
82.353516 119.00391 103.271484 1.3183594 2.1972656 -8.525391
82.44141 119.00391 103.271484 1.3183594 2.109375 -8.525391
82.61719 119.00391 103.271484 1.3183594 2.109375 -8.525391
82.79297 119.00391 103.271484 1.2304688 2.109375 -8.525391
82.88086 119.0918 103.271484 1.2304688 2.109375 -8.525391
82.88086 119.17969 103.271484 1.2304688 2.109375 -8.525391
82.88086 119.35547 103.271484 1.2304688 2.109375 -8.525391
82.88086 119.44336 103.271484 1.3183594 2.109375 -8.525391
82.88086 119.53125 103.359375 1.40625 2.109375 -8.525391
82.79297 119.53125 103.359375 1.4941406 2.109375 -8.525391
82.70508 119.53125 103.359375 1.4941406 2.109375 -8.525391
82.70508 119.53125 103.359375 1.4941406 2.1972656 -8.525391
82.61719 119.53125 103.359375 1.4941406 2.1972656 -8.525391
82.5293 119.44336 103.359375 1.40625 2.1972656 -8.525391
82.353516 119.35547 103.359375 1.3183594 2.2851562 -8.525391
82.265625 119.17969 103.359375 1.3183594 2.2851562 -8.525391
82.177734 119.00391 103.359375 1.3183594 2.2851562 -8.525391
82.08984 118.828125 103.359375 1.2304688 2.2851562 -8.525391
82.00195 118.740234 103.359375 1.2304688 2.2851562 -8.525391
82.08984 118.47656 103.359375 1.2304688 2.2851562 -8.525391
82.177734 118.03711 103.359375 1.1425781 2.2851562 -8.525391
82.353516 117.77344 103.359375 0.9667969 2.1972656 -8.525391
82.70508 117.509766 103.359375 0.7910156 2.1972656 -8.525391
83.23242 117.509766 103.359375 0.7910156 2.0214844 -8.525391
83.93555 117.333984 103.359375 0.87890625 2.0214844 -8.525391
84.72656 117.333984 103.359375 1.0546875 2.0214844 -8.525391
85.42969 117.421875 103.359375 1.3183594 2.0214844 -8.525391
83.671875 117.509766 103.62305 1.4941406 1.6699219 -8.525391
83.23242 117.59766 103.79883 1.5820312 0.17578125 -8.525391
83.14453 117.77344 103.88672 1.5820312 -0.26367188 -8.525391
84.28711 118.30078 104.0625 1.5820312 0.0 -8.525391
85.51758 118.38867 104.15039 1.5820312 0.3515625 -8.525391
84.63867 118.30078 104.15039 1.7578125 -0.087890625 -8.525391
84.28711 118.21289 104.23828 1.6699219 -0.87890625 -8.525391
85.86914 118.30078 104.23828 1.40625 -0.7910156 -8.525391
86.30859 118.21289 104.23828 1.5820312 0.17578125 -8.525391
87.01172 118.03711 104.23828 1.5820312 0.6152344 -8.525391
87.71484 117.86133 104.23828 1.5820312 0.7910156 -8.525391
85.3418 117.68555 104.32617 1.6699219 0.3515625 -8.525391
83.84766 117.59766 104.41406 1.6699219 -0.7910156 -8.525391
82.70508 117.509766 104.41406 1.5820312 -1.40625 -8.525391
83.32031 117.59766 104.41406 1.2304688 -0.703125 -8.525391
83.671875 117.509766 104.41406 1.2304688 0.43945312 -8.525391
82.5293 117.509766 104.41406 1.3183594 0.703125 -8.525391
82.44141 117.421875 104.32617 1.1425781 0.087890625 -8.525391
82.177734 117.333984 104.32617 0.7910156 -0.087890625 -8.525391
80.859375 117.333984 104.32617 0.52734375 -0.17578125 -8.525391
80.68359 117.24609 104.32617 0.17578125 -0.087890625 -8.525391
80.68359 117.24609 104.32617 -0.26367188 -0.087890625 -8.525391
80.68359 117.1582 104.32617 -0.6152344 -0.17578125 -8.525391
80.68359 117.1582 104.32617 -0.87890625 -0.17578125 -8.525391
80.68359 117.1582 104.23828 -0.9667969 -0.17578125 -8.525391
80.859375 117.1582 104.23828 -1.0546875 -0.17578125 -8.525391
82.61719 117.24609 104.23828 -1.2304688 0.087890625 -8.525391
83.84766 117.333984 104.23828 -1.1425781 0.52734375 -8.525391
85.166016 117.24609 104.32617 -0.87890625 0.7910156 -8.525391
86.2207 117.421875 104.41406 -0.6152344 0.7910156 -8.525391
83.84766 117.77344 104.58984 -0.087890625 0.3515625 -8.525391
82.353516 117.94922 104.677734 0.26367188 -0.7910156 -8.525391
80.41992 118.03711 104.765625 0.43945312 -1.40625 -8.525391
80.06836 118.30078 104.94141 0.43945312 -1.3183594 -8.525391
81.5625 119.00391 105.0293 0.43945312 -0.9667969 -8.525391
80.947266 119.17969 105.20508 0.6152344 -1.1425781 -8.525391
81.03516 119.26758 105.29297 0.52734375 -2.4609375 -8.525391
80.859375 119.17969 105.29297 0.52734375 -3.1640625 -8.525391
80.771484 119.26758 105.29297 0.52734375 -3.1640625 -8.525391
80.06836 119.26758 105.38086 0.52734375 -3.2519531 -8.525391
80.15625 119.17969 105.38086 0.52734375 -3.3398438 -8.525391
81.73828 119.26758 105.38086 0.3515625 -3.0761719 -8.525391
80.24414 119.17969 105.38086 0.52734375 -3.0761719 -8.525391
80.33203 119.0918 105.46875 0.52734375 -3.6035156 -8.525391
81.65039 119.17969 105.55664 0.43945312 -3.3398438 -8.525391
82.00195 119.17969 105.82031 0.43945312 -2.4609375 -8.525391
82.79297 119.00391 106.083984 0.3515625 -1.4941406 -8.525391
83.49609 119.00391 106.34766 0.26367188 -0.7910156 -8.525391
83.759766 119.00391 106.52344 0.17578125 -0.26367188 -8.525391
80.859375 119.26758 106.78711 0.3515625 -0.43945312 -8.525391
79.541016 119.17969 106.875 0.17578125 -1.1425781 -8.525391
78.046875 119.0918 106.96289 0.087890625 -1.1425781 -8.525391
78.83789 119.26758 107.05078 -0.17578125 -0.6152344 -8.525391
77.34375 119.0918 107.05078 0.087890625 0.0 -8.525391
77.25586 119.00391 106.96289 0.0 -0.6152344 -8.525391
77.16797 118.916016 107.05078 -0.087890625 -0.9667969 -8.525391
76.99219 118.916016 107.05078 -0.087890625 -0.87890625 -8.525391
76.28906 118.828125 107.13867 0.0 -0.87890625 -8.525391
75.67383 118.740234 107.22656 0.087890625 -1.0546875 -8.525391
75.58594 118.65234 107.40234 0.17578125 -1.0546875 -8.525391
77.16797 118.65234 107.578125 0.17578125 -0.6152344 -8.525391
78.046875 118.56445 108.01758 0.17578125 0.087890625 -8.525391
79.01367 118.38867 108.45703 0.17578125 0.17578125 -8.525391
79.89258 117.94922 108.984375 0.087890625 0.26367188 -8.525391
79.89258 117.94922 109.6875 -0.17578125 0.43945312 -8.525391
76.46484 118.21289 110.390625 -0.43945312 0.52734375 -8.525391
74.9707 118.21289 110.74219 -0.87890625 0.0 -8.525391
73.47656 118.21289 111.09375 -1.0546875 -0.087890625 -8.525391
72.421875 118.30078 111.18164 -1.0546875 0.0 -8.525391
72.421875 118.47656 111.18164 -1.0546875 -0.087890625 -8.525391
72.509766 118.56445 111.09375 -1.1425781 -0.087890625 -8.525391
72.421875 118.56445 111.00586 -1.4941406 -0.17578125 -8.525391
72.333984 118.56445 110.91797 -2.2851562 -0.17578125 -8.525391
71.19141 118.47656 110.91797 -2.9003906 -0.17578125 -8.525391
71.015625 118.38867 110.91797 -3.6914062 -0.26367188 -8.525391
72.1582 118.47656 111.00586 -4.5703125 0.087890625 -8.525391
72.86133 118.38867 111.00586 -5.361328 0.26367188 -8.525391
71.63086 118.30078 111.09375 -5.5371094 0.17578125 -8.525391
73.916016 118.21289 110.91797 -5.8007812 0.26367188 -8.525391
74.61914 118.03711 110.91797 -5.8007812 1.3183594 -8.525391
74.79492 118.03711 110.91797 -5.8007812 1.8457031 -8.525391
75.05859 118.21289 110.91797 -5.8007812 1.9335938 -8.525391
72.68555 118.38867 111.00586 -5.4492188 1.5820312 -8.525391
71.71875 118.38867 111.00586 -5.4492188 0.087890625 -8.525391
71.103516 118.47656 111.09375 -5.5371094 -0.52734375 -8.525391
72.07031 118.916016 111.09375 -5.5371094 -0.26367188 -8.525391
70.927734 119.00391 111.09375 -5.361328 -0.26367188 -8.525391
70.83984 118.916016 111.09375 -5.361328 -1.0546875 -8.525391
71.015625 118.916016 111.00586 -5.4492188 -1.4941406 -8.525391
72.68555 119.26758 111.00586 -5.5371094 -1.1425781 -8.525391
73.740234 119.26758 111.09375 -5.5371094 -0.43945312 -8.525391
74.88281 119.0918 111.09375 -5.5371094 -0.087890625 -8.525391
76.02539 119.00391 111.09375 -5.4492188 0.087890625 -8.4375
73.916016 119.17969 111.18164 -5.185547 -0.26367188 -8.4375
72.509766 119.0918 111.18164 -5.0976562 -1.3183594 -8.525391
70.927734 119.00391 111.26953 -5.0097656 -2.0214844 -8.525391
70.75195 119.00391 111.26953 -5.0097656 -2.0214844 -8.525391
72.68555 119.26758 111.26953 -5.185547 -1.7578125 -8.525391
71.98242 119.0918 111.26953 -5.0976562 -1.8457031 -8.525391
71.89453 119.0918 111.18164 -5.0976562 -2.6367188 -8.525391
71.89453 119.00391 111.18164 -5.185547 -2.9003906 -8.525391
73.125 119.17969 111.26953 -5.361328 -2.5488281 -8.525391
73.65234 119.17969 111.26953 -5.361328 -1.7578125 -8.525391
74.61914 119.0918 111.26953 -5.361328 -1.40625 -8.525391
76.02539 119.00391 111.26953 -5.4492188 -1.2304688 -8.525391
74.26758 119.0918 111.26953 -5.2734375 -1.5820312 -8.525391
73.828125 119.00391 111.26953 -5.2734375 -2.5488281 -8.525391
72.1582 119.00391 111.35742 -5.185547 -2.9003906 -8.525391
71.98242 119.00391 111.35742 -5.185547 -3.1640625 -8.525391
73.740234 119.17969 111.35742 -5.361328 -2.8125 -8.525391
72.77344 119.0918 111.35742 -5.0097656 -2.9003906 -8.525391
72.68555 119.0918 111.26953 -5.0097656 -3.7792969 -8.525391
72.68555 119.0918 111.26953 -5.0097656 -4.3066406 -8.525391
74.17969 119.44336 111.35742 -5.185547 -4.0429688 -8.525391
74.9707 119.44336 111.35742 -5.0976562 -3.3398438 -8.525391
75.9375 119.26758 111.35742 -5.0097656 -2.9882812 -8.525391
76.99219 119.0918 111.35742 -5.0097656 -2.9003906 -8.525391
74.79492 119.26758 111.44531 -4.8339844 -3.1640625 -8.4375
73.740234 119.0918 111.44531 -4.7460938 -3.8671875 -8.525391
71.89453 119.00391 111.62109 -4.8339844 -3.9550781 -8.525391
71.71875 118.828125 111.62109 -4.921875 -3.8671875 -8.525391
73.38867 118.56445 111.62109 -5.361328 -3.4277344 -8.525391
72.68555 118.21289 111.5332 -5.361328 -3.1640625 -8.525391
72.59766 117.68555 111.26953 -5.4492188 -3.8671875 -8.525391
72.333984 117.333984 111.18164 -5.7128906 -4.0429688 -8.525391
72.1582 116.80664 111.18164 -5.9765625 -3.9550781 -8.525391
72.1582 116.54297 111.18164 -6.328125 -3.9550781 -8.525391
72.24609 116.54297 111.18164 -6.4160156 -3.9550781 -8.525391
72.24609 116.54297 111.09375 -6.4160156 -3.9550781 -8.525391
72.24609 116.54297 111.09375 -6.4160156 -3.9550781 -8.525391
72.24609 116.54297 111.18164 -6.4160156 -3.9550781 -8.525391
72.24609 116.54297 111.18164 -6.4160156 -3.9550781 -8.525391
72.24609 116.63086 111.26953 -6.4160156 -3.9550781 -8.525391
72.421875 116.63086 111.35742 -6.328125 -3.9550781 -8.525391
74.0918 116.80664 111.44531 -6.4160156 -3.6035156 -8.525391
75.146484 116.89453 111.44531 -6.5039062 -2.7246094 -8.525391
75.84961 116.80664 111.44531 -6.5039062 -2.0214844 -8.525391
76.552734 116.89453 111.44531 -6.5039062 -1.8457031 -8.525391
76.552734 116.98242 111.5332 -6.5039062 -1.7578125 -8.525391
73.56445 117.24609 111.62109 -6.328125 -2.109375 -8.525391
71.80664 117.333984 111.62109 -6.328125 -3.3398438 -8.525391
70.83984 117.333984 111.62109 -6.4160156 -3.6914062 -8.525391
71.71875 117.59766 111.62109 -6.5039062 -3.2519531 -8.525391
70.40039 117.59766 111.62109 -6.4160156 -2.9003906 -8.525391
70.3125 117.509766 111.44531 -6.4160156 -3.6914062 -8.525391
70.22461 117.421875 111.35742 -6.5039062 -4.21875 -8.525391
70.13672 117.333984 111.44531 -6.6796875 -4.21875 -8.525391
70.13672 117.24609 111.44531 -6.6796875 -4.21875 -8.525391
70.13672 117.1582 111.44531 -6.6796875 -4.21875 -8.525391
70.13672 117.07031 111.44531 -6.6796875 -4.21875 -8.525391
70.22461 117.07031 111.5332 -6.6796875 -4.21875 -8.525391
71.98242 117.1582 111.5332 -6.6796875 -3.9550781 -8.525391
72.94922 117.07031 111.708984 -6.767578 -2.9882812 -8.525391
73.916016 117.07031 111.708984 -6.6796875 -2.4609375 -8.525391
74.61914 116.89453 111.796875 -6.6796875 -2.3730469 -8.525391
74.88281 116.89453 111.796875 -6.6796875 -2.2851562 -8.525391
72.1582 117.07031 112.06055 -6.591797 -2.8125 -8.525391
70.83984 116.98242 112.14844 -6.591797 -3.9550781 -8.525391
69.87305 116.98242 112.32422 -6.591797 -4.482422 -8.525391
71.36719 117.421875 112.41211 -6.6796875 -3.9550781 -8.525391
70.3125 117.24609 112.67578 -6.591797 -3.515625 -8.525391
70.3125 117.333984 112.67578 -6.591797 -4.482422 -8.525391
70.22461 117.24609 112.67578 -6.591797 -5.361328 -8.525391
70.22461 117.24609 112.67578 -6.591797 -5.4492188 -8.525391
70.22461 117.24609 112.67578 -6.591797 -5.4492188 -8.525391
70.40039 117.333984 112.67578 -6.591797 -5.4492188 -8.525391
72.59766 117.509766 112.67578 -6.6796875 -5.185547 -8.525391
73.828125 117.59766 112.67578 -6.767578 -4.1308594 -8.525391
74.53125 117.421875 112.67578 -6.767578 -3.4277344 -8.525391
75.41016 117.421875 112.67578 -6.767578 -3.0761719 -8.525391
75.41016 117.421875 112.76367 -6.767578 -2.9003906 -8.525391
72.509766 117.59766 113.02734 -6.591797 -3.4277344 -8.525391
71.2793 117.509766 113.115234 -6.591797 -4.658203 -8.525391
70.04883 117.421875 113.291016 -6.6796875 -5.0976562 -8.525391
71.54297 117.59766 113.37891 -6.767578 -4.482422 -8.525391
70.3125 117.509766 113.55469 -6.6796875 -4.1308594 -8.525391
70.3125 117.421875 113.55469 -6.591797 -5.0097656 -8.525391
70.22461 117.333984 113.55469 -6.6796875 -5.7128906 -8.525391
70.13672 117.333984 113.64258 -6.6796875 -5.7128906 -8.525391
70.13672 117.333984 113.64258 -6.6796875 -5.7128906 -8.525391
70.13672 117.24609 113.64258 -6.6796875 -5.7128906 -8.525391
70.22461 117.24609 113.64258 -6.6796875 -5.8007812 -8.525391
71.80664 117.421875 113.64258 -6.6796875 -5.5371094 -8.525391
72.68555 117.421875 113.81836 -6.767578 -4.921875 -8.525391
73.38867 117.333984 113.81836 -6.767578 -4.3945312 -8.525391
74.00391 117.333984 113.90625 -6.767578 -4.3066406 -8.525391
74.17969 117.421875 113.90625 -6.767578 -4.21875 -8.525391
71.2793 117.59766 114.08203 -6.6796875 -4.921875 -8.525391
69.609375 117.59766 114.08203 -6.591797 -6.328125 -8.525391
68.73047 117.59766 114.16992 -6.6796875 -7.3828125 -8.525391
69.78516 118.21289 114.16992 -6.6796875 -7.1191406 -8.525391
68.64258 118.30078 114.25781 -6.591797 -7.2070312 -8.525391
68.64258 118.30078 114.25781 -6.591797 -8.173828 -8.4375
68.4668 118.30078 114.25781 -6.6796875 -8.876953 -8.4375
67.93945 118.38867 114.25781 -6.591797 -9.052734 -8.4375
67.93945 118.38867 114.25781 -6.6796875 -9.052734 -8.4375
68.203125 118.38867 114.25781 -6.6796875 -9.052734 -8.4375
70.13672 118.740234 114.25781 -6.767578 -8.613281 -8.4375
71.2793 118.828125 114.25781 -6.767578 -7.734375 -8.4375
72.24609 118.740234 114.25781 -6.767578 -7.1191406 -8.4375
73.03711 118.828125 114.25781 -6.767578 -6.767578 -8.4375
70.3125 119.0918 114.25781 -6.6796875 -7.1191406 -8.4375
68.4668 119.00391 114.25781 -6.6796875 -8.613281 -8.4375
66.44531 119.00391 114.25781 -6.6796875 -9.755859 -8.525391
66.18164 119.17969 114.25781 -6.6796875 -10.107422 -8.525391
68.115234 119.53125 114.25781 -6.767578 -9.755859 -8.525391
67.23633 119.53125 114.25781 -6.6796875 -9.931641 -8.4375
67.14844 119.53125 114.25781 -6.6796875 -10.371094 -8.4375
66.884766 119.53125 114.25781 -6.6796875 -10.458984 -8.525391
65.478516 119.53125 114.25781 -6.6796875 -10.634766 -8.613281
65.390625 119.53125 114.25781 -6.6796875 -10.722656 -8.613281
65.390625 119.53125 114.25781 -6.6796875 -10.634766 -8.613281
65.390625 119.53125 114.25781 -6.6796875 -10.722656 -8.613281
65.390625 119.53125 114.25781 -6.6796875 -10.722656 -8.613281
65.21484 119.53125 114.25781 -6.6796875 -10.722656 -8.613281
65.03906 119.53125 114.16992 -6.6796875 -10.722656 -8.613281
65.03906 119.61914 114.08203 -6.6796875 -10.722656 -8.613281
65.03906 119.70703 114.08203 -6.6796875 -10.810547 -8.701172
65.03906 119.70703 113.99414 -6.6796875 -10.810547 -8.701172
65.21484 119.79492 113.99414 -6.6796875 -10.810547 -8.701172
66.796875 120.234375 114.08203 -6.767578 -10.371094 -8.701172
67.67578 120.49805 114.16992 -6.767578 -10.1953125 -8.701172
68.55469 120.41016 114.16992 -6.767578 -10.107422 -8.613281
69.521484 120.49805 114.25781 -6.767578 -9.4921875 -8.613281
69.87305 120.58594 114.25781 -6.6796875 -8.876953 -8.701172
67.06055 120.76172 114.43359 -6.591797 -9.404297 -8.701172
65.478516 120.67383 114.43359 -6.591797 -10.8984375 -8.701172
63.808594 120.67383 114.609375 -6.591797 -11.953125 -8.701172
63.632812 120.67383 114.609375 -6.591797 -11.953125 -8.7890625
63.808594 120.76172 114.609375 -6.591797 -12.041016 -8.701172
63.808594 120.76172 114.609375 -6.591797 -12.128906 -8.613281
63.808594 120.76172 114.609375 -6.591797 -12.128906 -8.701172
63.720703 120.76172 114.609375 -6.591797 -12.128906 -8.701172
63.720703 120.76172 114.609375 -6.591797 -12.128906 -8.701172
63.808594 120.76172 114.609375 -6.591797 -12.128906 -8.701172
63.896484 120.76172 114.609375 -6.591797 -12.128906 -8.701172
65.91797 121.02539 114.609375 -6.6796875 -11.6015625 -8.701172
67.06055 121.02539 114.609375 -6.6796875 -10.634766 -8.701172
68.4668 120.84961 114.609375 -6.6796875 -9.667969 -8.701172
69.78516 120.84961 114.609375 -6.6796875 -8.7890625 -8.701172
67.23633 121.02539 114.697266 -6.591797 -9.052734 -8.701172
65.478516 121.02539 114.697266 -6.591797 -10.283203 -8.701172
63.54492 120.9375 114.697266 -6.591797 -11.6015625 -8.701172
63.28125 121.02539 114.697266 -6.591797 -12.041016 -8.701172
65.390625 121.20117 114.697266 -6.6796875 -11.777344 -8.701172
64.86328 121.20117 114.697266 -6.591797 -11.337891 -8.525391
64.77539 121.20117 114.697266 -6.591797 -11.425781 -8.525391
64.16016 121.20117 114.697266 -6.591797 -11.425781 -8.613281
63.36914 121.20117 114.78516 -6.591797 -11.513672 -8.613281
63.28125 121.20117 114.78516 -6.591797 -11.513672 -8.613281
63.36914 121.20117 114.78516 -6.591797 -11.513672 -8.613281
63.36914 121.20117 114.78516 -6.591797 -11.513672 -8.613281
63.36914 121.20117 114.78516 -6.591797 -11.513672 -8.613281
63.36914 121.20117 114.78516 -6.591797 -11.513672 -8.613281
63.45703 121.20117 114.697266 -6.591797 -11.425781 -8.613281
65.21484 121.28906 114.697266 -6.767578 -10.986328 -8.613281
66.09375 121.28906 114.697266 -6.767578 -10.019531 -8.613281
66.884766 121.28906 114.697266 -6.767578 -9.140625 -8.613281
67.93945 121.37695 114.697266 -6.767578 -8.4375 -8.613281
65.390625 121.46484 114.78516 -6.6796875 -8.701172 -8.613281
64.16016 121.37695 114.697266 -6.6796875 -9.667969 -8.701172
62.13867 121.46484 114.78516 -6.6796875 -10.634766 -8.701172
61.78711 121.552734 114.87305 -6.591797 -11.074219 -8.701172
63.54492 121.81641 114.87305 -6.6796875 -10.810547 -8.613281
62.666016 121.9043 115.04883 -6.591797 -10.8984375 -8.525391
62.666016 121.9043 115.04883 -6.591797 -11.162109 -8.525391
62.402344 121.9043 115.04883 -6.6796875 -11.25 -8.613281
62.226562 121.9043 115.13672 -6.591797 -11.162109 -8.613281
61.78711 121.99219 115.22461 -6.591797 -11.25 -8.613281
61.96289 121.99219 115.13672 -6.591797 -11.337891 -8.613281
63.45703 122.25586 115.13672 -6.6796875 -10.8984375 -8.613281
61.78711 122.25586 115.22461 -6.591797 -10.986328 -8.613281
61.875 122.16797 115.13672 -6.591797 -11.25 -8.613281
62.929688 122.34375 115.13672 -6.767578 -10.986328 -8.613281
63.10547 122.43164 115.13672 -6.767578 -10.634766 -8.613281
63.720703 122.34375 115.13672 -6.767578 -10.458984 -8.613281
64.24805 122.25586 115.13672 -6.767578 -10.107422 -8.613281
64.51172 122.34375 115.13672 -6.767578 -9.755859 -8.613281
64.42383 122.43164 115.13672 -6.767578 -9.404297 -8.613281
61.171875 122.51953 115.13672 -6.6796875 -9.84375 -8.613281
59.941406 122.43164 115.04883 -6.767578 -10.8984375 -8.613281
60.29297 122.51953 115.13672 -7.1191406 -10.986328 -8.701172
60.29297 122.60742 115.13672 -7.1191406 -10.283203 -8.7890625
58.535156 122.60742 115.22461 -6.9433594 -10.371094 -8.613281
58.359375 122.51953 115.13672 -6.9433594 -11.162109 -8.613281
57.304688 122.51953 115.13672 -6.9433594 -11.6015625 -8.613281
56.777344 122.43164 115.13672 -7.03125 -11.689453 -8.613281
55.546875 122.43164 115.22461 -6.9433594 -11.777344 -8.613281
55.371094 122.43164 115.22461 -6.9433594 -11.777344 -8.613281
55.371094 122.43164 115.22461 -6.9433594 -11.777344 -8.613281
55.371094 122.43164 115.22461 -6.9433594 -11.777344 -8.613281
55.283203 122.43164 115.22461 -7.03125 -11.689453 -8.613281
54.75586 122.43164 115.22461 -6.9433594 -11.689453 -8.613281
55.898438 122.51953 115.22461 -7.03125 -11.337891 -8.613281
56.25 122.43164 115.22461 -7.03125 -10.546875 -8.613281
56.51367 122.25586 115.22461 -7.03125 -9.84375 -8.613281
56.689453 122.25586 115.3125 -7.03125 -8.964844 -8.613281
56.51367 122.25586 115.66406 -7.1191406 -8.4375 -8.613281
56.07422 122.16797 115.83984 -7.1191406 -7.9101562 -8.613281
55.371094 122.16797 115.927734 -7.1191406 -7.6464844 -8.613281
54.66797 122.16797 116.103516 -7.1191406 -7.6464844 -8.613281
54.052734 122.16797 116.103516 -7.1191406 -7.6464844 -8.613281
53.4375 122.16797 116.103516 -7.1191406 -7.6464844 -8.613281
52.734375 122.16797 116.103516 -7.1191406 -7.5585938 -8.701172
49.21875 122.34375 116.103516 -7.1191406 -7.9101562 -8.876953
47.373047 122.16797 116.103516 -7.3828125 -9.052734 -9.580078
45.439453 122.16797 116.103516 -7.734375 -10.019531 -10.634766
45.08789 122.08008 116.103516 -8.349609 -10.546875 -11.162109
45.17578 122.16797 116.103516 -8.876953 -10.810547 -11.162109
45.26367 122.16797 116.103516 -9.228516 -10.986328 -11.074219
45.26367 122.16797 116.103516 -9.755859 -11.425781 -11.074219
45.26367 122.16797 116.103516 -10.283203 -12.216797 -10.986328
45.26367 122.25586 116.103516 -10.371094 -12.919922 -10.986328
45.703125 122.34375 116.103516 -10.371094 -13.798828 -10.8984375
48.779297 122.51953 116.103516 -10.634766 -13.7109375 -10.722656
51.416016 122.51953 116.103516 -10.810547 -13.095703 -10.458984
53.70117 122.60742 116.103516 -10.634766 -12.568359 -10.019531
55.898438 122.69531 116.103516 -10.458984 -12.3046875 -9.404297
54.66797 122.958984 116.2793 -10.283203 -12.832031 -9.140625
54.228516 123.046875 116.2793 -10.1953125 -13.623047 -9.667969
53.61328 123.134766 116.2793 -10.019531 -14.765625 -10.810547
53.70117 123.39844 116.45508 -9.755859 -15.996094 -11.162109
54.404297 123.75 116.63086 -9.404297 -16.78711 -11.162109
58.79883 124.453125 116.71875 -9.316406 -15.996094 -10.986328
61.523438 124.7168 116.98242 -9.140625 -14.941406 -10.371094
64.16016 125.15625 117.421875 -9.140625 -13.7109375 -9.755859
66.09375 125.947266 118.03711 -9.052734 -13.095703 -9.228516
64.86328 126.38672 118.916016 -9.140625 -13.271484 -8.876953
64.6875 126.5625 119.35547 -9.316406 -13.798828 -9.316406
64.6875 126.82617 119.61914 -9.228516 -14.4140625 -10.1953125
64.86328 127.08984 119.88281 -9.228516 -15.205078 -10.986328
64.95117 127.44141 119.9707 -9.052734 -15.46875 -11.162109
65.302734 127.61719 120.05859 -9.052734 -15.556641 -11.162109
68.73047 128.23242 120.05859 -9.140625 -14.765625 -10.986328
71.19141 128.23242 120.234375 -9.228516 -13.974609 -10.458984
73.30078 128.23242 120.234375 -9.140625 -12.65625 -10.1953125
74.79492 128.32031 120.41016 -9.140625 -11.689453 -9.316406
73.38867 128.58398 120.84961 -9.140625 -11.6015625 -8.525391
73.03711 128.67188 120.9375 -9.140625 -12.041016 -8.349609
71.54297 128.67188 121.11328 -9.140625 -12.568359 -8.701172
71.103516 128.75977 121.20117 -9.404297 -13.535156 -9.580078
71.2793 128.75977 121.20117 -9.404297 -14.0625 -10.458984
73.56445 128.93555 121.11328 -9.667969 -13.271484 -11.162109
73.125 128.84766 121.20117 -9.84375 -12.744141 -11.162109
72.68555 128.84766 121.11328 -9.931641 -12.832031 -11.162109
72.333984 128.84766 121.11328 -10.019531 -13.095703 -10.986328
73.125 128.93555 121.11328 -10.1953125 -12.480469 -10.283203
73.740234 128.93555 121.20117 -10.283203 -11.865234 -8.964844
74.53125 128.84766 121.11328 -10.283203 -11.25 -7.3828125
75.05859 128.84766 121.20117 -10.283203 -10.1953125 -6.328125
75.146484 128.84766 121.20117 -10.283203 -9.228516 -6.328125
74.70703 128.84766 121.20117 -10.283203 -8.701172 -7.294922
71.103516 129.02344 121.20117 -10.1953125 -8.964844 -8.173828
68.37891 128.93555 121.20117 -10.371094 -10.546875 -9.052734
67.93945 128.93555 121.20117 -10.8984375 -11.074219 -10.107422
67.06055 128.84766 121.28906 -11.689453 -10.283203 -10.986328
64.072266 128.84766 121.37695 -12.216797 -10.1953125 -11.162109
63.19336 128.67188 121.20117 -12.919922 -11.425781 -11.162109
61.083984 128.67188 121.28906 -13.535156 -11.953125 -10.986328
59.15039 128.67188 121.28906 -13.974609 -12.128906 -10.722656
57.041016 128.67188 121.28906 -14.238281 -12.216797 -10.722656
55.283203 128.67188 121.28906 -14.238281 -12.392578 -10.722656
54.052734 128.67188 121.28906 -14.4140625 -12.392578 -10.722656
53.17383 128.58398 121.28906 -14.853516 -12.392578 -10.722656
52.11914 128.4961 121.28906 -15.292969 -12.392578 -10.722656
50.976562 128.32031 121.28906 -15.908203 -12.392578 -10.722656
49.746094 128.14453 121.37695 -16.435547 -12.392578 -10.810547
48.691406 128.05664 121.37695 -16.78711 -12.480469 -10.722656
47.8125 127.88086 121.37695 -16.96289 -12.392578 -10.722656
48.867188 127.70508 121.37695 -17.314453 -11.953125 -10.722656
49.30664 127.70508 121.552734 -17.753906 -11.425781 -10.722656
49.833984 127.353516 121.640625 -18.19336 -10.546875 -10.634766
50.185547 127.00195 121.640625 -18.19336 -9.4921875 -10.722656
47.109375 127.00195 121.728516 -18.105469 -9.4921875 -10.722656
44.91211 127.00195 121.728516 -18.105469 -10.722656 -10.722656
42.714844 126.82617 121.9043 -18.19336 -11.953125 -10.722656
42.01172 126.73828 122.08008 -18.105469 -12.480469 -10.722656
43.59375 126.82617 122.34375 -18.28125 -12.216797 -10.722656
42.890625 126.91406 122.69531 -18.544922 -12.216797 -10.634766
42.714844 126.91406 122.7832 -18.896484 -12.216797 -10.634766
41.748047 126.91406 122.87109 -18.984375 -12.216797 -10.722656
40.69336 126.91406 122.958984 -18.984375 -12.392578 -10.722656
40.60547 127.00195 123.22266 -18.984375 -12.392578 -10.722656
40.69336 127.00195 123.39844 -18.984375 -12.392578 -10.722656
40.78125 127.00195 123.48633 -18.984375 -12.392578 -10.722656
40.78125 127.00195 123.57422 -18.984375 -12.392578 -10.722656
40.95703 127.00195 123.57422 -18.984375 -12.480469 -10.722656
43.154297 127.08984 123.66211 -19.072266 -12.216797 -10.722656
44.648438 127.08984 123.66211 -19.072266 -11.953125 -10.722656
46.58203 126.91406 123.66211 -19.160156 -11.865234 -10.634766
48.515625 126.82617 123.66211 -19.248047 -11.513672 -10.634766
47.63672 126.91406 123.66211 -19.423828 -12.3046875 -10.634766
47.109375 126.91406 123.66211 -19.6875 -13.359375 -10.634766
46.757812 126.73828 123.66211 -19.6875 -14.589844 -10.634766
46.757812 126.82617 123.66211 -19.6875 -15.644531 -10.634766
47.021484 126.91406 123.75 -19.59961 -16.611328 -10.634766
47.63672 126.91406 123.75 -19.59961 -17.490234 -10.634766
51.76758 127.00195 123.75 -19.863281 -17.138672 -10.634766
54.75586 127.08984 124.01367 -19.863281 -15.644531 -10.634766
58.271484 127.08984 124.01367 -19.863281 -13.7109375 -10.634766
58.447266 127.265625 124.10156 -19.77539 -13.095703 -10.634766
58.359375 127.265625 124.18945 -19.6875 -13.623047 -10.634766
57.216797 127.265625 124.27734 -19.6875 -14.501953 -10.634766
56.865234 127.353516 124.365234 -19.6875 -16.259766 -10.634766
56.953125 127.44141 124.365234 -19.6875 -17.402344 -10.634766
57.48047 127.44141 124.365234 -19.6875 -18.017578 -10.634766
61.171875 127.61719 124.365234 -19.863281 -16.96289 -10.634766
63.720703 127.61719 124.365234 -19.863281 -15.644531 -10.634766
66.62109 127.61719 124.365234 -19.863281 -13.974609 -10.634766
66.44531 127.70508 124.453125 -19.863281 -13.359375 -10.546875
66.26953 127.70508 124.365234 -19.951172 -13.886719 -10.634766
65.12695 127.70508 124.453125 -19.951172 -14.589844 -10.634766
64.6875 127.79297 124.453125 -19.951172 -15.996094 -10.634766
64.77539 127.88086 124.453125 -19.951172 -16.78711 -10.634766
65.302734 127.96875 124.365234 -19.951172 -17.314453 -10.634766
68.55469 128.23242 124.365234 -20.390625 -16.78711 -10.634766
70.75195 128.23242 124.541016 -21.00586 -15.908203 -10.634766
73.21289 128.23242 124.62891 -21.533203 -14.589844 -10.634766
75.84961 128.32031 124.62891 -21.708984 -12.832031 -10.634766
74.61914 128.67188 124.7168 -21.621094 -12.480469 -10.634766
73.47656 128.58398 124.7168 -21.621094 -13.359375 -10.722656
71.45508 128.58398 124.80469 -21.533203 -14.941406 -10.810547
70.66406 128.67188 124.98047 -21.621094 -16.699219 -10.810547
70.927734 128.67188 125.06836 -21.533203 -17.402344 -10.634766
73.828125 128.84766 125.06836 -21.621094 -16.78711 -10.634766
73.740234 128.84766 125.24414 -21.621094 -15.908203 -10.634766
73.65234 128.84766 125.33203 -21.533203 -15.996094 -10.634766
73.30078 128.75977 125.41992 -21.533203 -16.083984 -10.634766
74.26758 129.02344 125.5957 -21.621094 -15.556641 -10.722656
75.05859 129.02344 125.859375 -21.621094 -15.292969 -10.634766
76.46484 128.93555 125.859375 -21.621094 -15.1171875 -10.634766
77.7832 128.93555 126.12305 -21.621094 -13.535156 -10.634766
76.46484 129.02344 126.47461 -21.621094 -12.392578 -10.634766
75.84961 129.02344 126.65039 -21.621094 -12.568359 -10.634766
73.65234 129.11133 127.08984 -21.621094 -13.095703 -10.634766
72.421875 129.19922 127.353516 -21.621094 -13.7109375 -10.634766
73.38867 129.72656 127.5293 -21.621094 -13.271484 -10.1953125
74.00391 129.90234 127.79297 -21.621094 -12.744141 -8.7890625
73.38867 130.07812 127.88086 -21.621094 -12.392578 -7.6464844
73.21289 130.07812 127.88086 -21.621094 -12.3046875 -8.0859375
71.54297 130.16602 127.96875 -21.621094 -12.392578 -9.316406
70.66406 130.2539 127.96875 -21.621094 -12.832031 -10.634766
71.015625 130.42969 127.96875 -21.708984 -12.392578 -11.162109
71.36719 130.51758 127.96875 -21.708984 -12.3046875 -11.162109
69.96094 130.69336 127.88086 -21.621094 -12.65625 -10.8984375
69.3457 130.86914 127.79297 -21.621094 -12.919922 -10.634766
67.58789 131.48438 127.88086 -21.621094 -13.0078125 -10.546875
65.91797 132.01172 127.96875 -21.621094 -13.447266 -10.546875
64.6875 132.09961 128.14453 -21.621094 -13.623047 -10.546875
63.632812 132.80273 128.32031 -21.621094 -13.7109375 -10.546875
63.36914 133.59375 128.58398 -21.621094 -13.7109375 -10.546875
63.19336 133.85742 128.93555 -21.621094 -13.623047 -10.546875
62.841797 134.47266 129.19922 -21.621094 -13.447266 -10.546875
62.226562 134.91211 129.81445 -21.533203 -13.359375 -10.546875
61.347656 135.08789 130.16602 -21.533203 -13.271484 -10.546875
60.996094 135.08789 130.42969 -21.533203 -13.271484 -10.546875
61.96289 135.35156 130.69336 -21.621094 -12.832031 -10.546875
62.666016 135.35156 131.04492 -21.621094 -11.777344 -10.546875
63.808594 134.20898 131.2207 -21.621094 -10.458984 -10.371094
64.6875 134.20898 131.3086 -21.621094 -9.052734 -9.84375
65.03906 134.0332 131.48438 -21.621094 -7.9101562 -9.580078
62.666016 133.94531 131.74805 -21.533203 -7.6464844 -9.404297
61.171875 133.59375 131.74805 -21.621094 -8.0859375 -10.283203
58.88672 132.89062 131.74805 -21.533203 -8.525391 -11.162109
57.91992 132.27539 131.74805 -21.445312 -8.876953 -11.162109
59.414062 133.59375 131.83594 -21.533203 -8.525391 -11.074219
58.447266 133.68164 132.09961 -21.269531 -8.173828 -11.074219
58.359375 133.59375 132.1875 -21.09375 -8.173828 -11.074219
57.74414 133.50586 132.45117 -21.00586 -8.173828 -11.074219
57.48047 133.50586 132.97852 -21.09375 -8.173828 -11.074219
57.39258 133.59375 133.50586 -21.09375 -8.0859375 -11.074219
59.941406 133.76953 134.0332 -21.357422 -7.470703 -11.074219
61.523438 133.76953 134.56055 -21.533203 -5.8007812 -11.074219
63.45703 133.68164 135.0 -21.533203 -3.6914062 -11.074219
65.390625 133.85742 135.26367 -21.533203 -1.7578125 -11.074219
63.36914 134.29688 135.79102 -21.357422 -0.9667969 -11.074219
62.402344 134.38477 135.9668 -21.269531 -1.7578125 -11.074219
60.46875 134.47266 136.31836 -21.09375 -2.5488281 -11.074219
60.029297 134.47266 136.75781 -21.09375 -2.6367188 -11.074219
60.117188 134.56055 137.02148 -21.18164 -2.6367188 -11.074219
60.20508 133.85742 137.02148 -21.269531 -2.6367188 -11.074219
60.20508 133.94531 136.9336 -21.533203 -2.6367188 -11.074219
60.20508 133.85742 136.75781 -21.533203 -2.6367188 -11.074219
60.20508 133.94531 136.58203 -21.533203 -2.6367188 -11.074219
60.20508 133.94531 136.58203 -21.533203 -2.6367188 -10.986328
60.55664 134.82422 136.66992 -21.533203 -2.6367188 -10.986328
63.10547 135.26367 137.02148 -21.621094 -2.2851562 -10.722656
62.490234 135.17578 137.19727 -21.357422 -1.6699219 -10.1953125
65.390625 134.20898 137.02148 -21.269531 -1.1425781 -10.283203
66.18164 134.20898 136.9336 -21.269531 0.087890625 -10.1953125
64.59961 134.20898 137.02148 -21.445312 0.52734375 -10.634766
62.929688 134.1211 137.02148 -21.445312 0.26367188 -11.074219
61.523438 134.1211 137.10938 -21.533203 -0.17578125 -11.074219
60.73242 134.1211 137.28516 -21.445312 -0.9667969 -11.074219
61.875 134.20898 137.37305 -21.533203 -1.2304688 -10.986328
60.996094 134.20898 137.54883 -21.357422 -1.40625 -10.986328
60.908203 134.38477 137.54883 -21.357422 -1.4941406 -11.074219
59.941406 136.23047 137.63672 -21.00586 -1.6699219 -11.162109
59.32617 135.26367 137.98828 -21.533203 -2.6367188 -10.986328
58.095703 135.61523 138.25195 -21.708984 -3.515625 -10.107422
57.65625 135.70312 138.33984 -22.939453 -4.1308594 -7.8222656
56.601562 135.70312 138.86719 -24.785156 -4.3066406 -4.658203
56.07422 135.70312 139.39453 -27.246094 -5.0976562 -2.0214844
54.93164 135.61523 139.92188 -29.267578 -6.328125 -0.6152344
54.228516 135.61523 140.80078 -31.113281 -6.8554688 -0.3515625
52.910156 135.61523 141.41602 -32.25586 -7.1191406 -0.3515625
51.503906 135.61523 141.5918 -30.761719 -7.294922 -0.3515625
49.921875 135.70312 140.44922 -26.80664 -7.3828125 -0.3515625
47.98828 135.61523 139.7461 -25.927734 -7.998047 -0.43945312
45.791016 135.61523 140.09766 -26.191406 -10.371094 -0.43945312
43.68164 135.61523 140.36133 -26.894531 -13.798828 -0.43945312
41.660156 135.61523 140.97656 -28.300781 -17.050781 -0.43945312
40.86914 135.61523 141.5918 -30.058594 -19.59961 -0.43945312
40.69336 135.61523 142.20703 -32.51953 -21.00586 -0.43945312
38.847656 135.61523 142.99805 -36.035156 -21.884766 -0.43945312
35.15625 134.82422 144.05273 -39.63867 -22.675781 -0.3515625
31.289062 133.33008 145.3711 -38.935547 -23.115234 -0.17578125
28.564453 133.0664 145.63477 -30.410156 -22.851562 -0.087890625
26.80664 131.74805 145.72266 -19.335938 -22.5 -0.087890625
25.22461 128.14453 146.07422 -9.667969 -22.41211 -0.26367188
22.675781 126.03516 146.86523 -2.5488281 -22.675781 -0.43945312
21.357422 120.67383 147.56836 0.43945312 -22.41211 -0.703125
20.654297 115.13672 148.79883 -0.43945312 -22.148438 -1.0546875
19.423828 112.41211 148.53516 -1.6699219 -21.621094 -1.2304688
18.720703 109.42383 147.65625 -1.8457031 -21.796875 -1.2304688
18.105469 105.46875 146.95312 -2.1972656 -22.060547 -1.2304688
18.105469 101.16211 146.25 -2.9882812 -22.060547 -1.2304688
18.19336 95.53711 146.25 -5.0097656 -22.5 -1.3183594
18.632812 92.37305 144.58008 -10.458984 -23.115234 -1.9335938
18.896484 89.12109 143.87695 -16.78711 -23.730469 -2.2851562
19.248047 84.28711 142.64648 -24.873047 -23.730469 -2.3730469
18.896484 79.98047 140.71289 -28.564453 -24.082031 -2.3730469
18.808594 78.57422 136.9336 -27.246094 -25.048828 -2.2851562
18.808594 78.31055 133.33008 -22.236328 -26.279297 -2.3730469
18.896484 77.7832 129.99023 -17.138672 -27.773438 -2.3730469
18.984375 77.60742 127.61719 -14.4140625 -28.740234 -2.3730469
19.423828 76.46484 126.29883 -14.238281 -29.707031 -2.3730469
19.423828 75.49805 125.50781 -13.886719 -30.84961 -2.3730469
19.423828 75.49805 124.541016 -12.832031 -32.08008 -2.3730469
19.511719 75.9375 124.27734 -12.919922 -32.958984 -2.3730469
19.423828 75.76172 124.27734 -13.623047 -33.57422 -2.3730469
19.423828 75.67383 124.453125 -14.150391 -34.01367 -2.3730469
19.423828 75.67383 124.7168 -14.589844 -34.101562 -2.3730469
19.511719 75.67383 124.89258 -14.941406 -34.101562 -2.3730469
19.511719 75.67383 125.06836 -15.1171875 -34.101562 -2.3730469
19.511719 75.67383 125.06836 -15.292969 -34.101562 -2.3730469
19.511719 75.67383 125.06836 -15.292969 -34.101562 -2.3730469
19.511719 75.67383 125.15625 -15.292969 -34.101562 -2.3730469
19.511719 75.67383 125.15625 -15.292969 -34.101562 -2.3730469
19.511719 75.67383 125.15625 -15.292969 -34.101562 -2.3730469
19.511719 75.67383 125.15625 -15.292969 -34.101562 -2.3730469
19.511719 75.67383 125.15625 -15.380859 -34.101562 -2.3730469
19.511719 75.67383 125.24414 -15.46875 -34.101562 -2.3730469
19.511719 75.67383 125.33203 -15.8203125 -34.101562 -2.3730469
19.511719 75.67383 125.5957 -16.259766 -34.101562 -2.3730469
19.511719 75.67383 125.771484 -16.611328 -34.101562 -2.3730469
19.511719 75.67383 125.859375 -16.78711 -34.101562 -2.3730469
19.511719 75.67383 125.947266 -16.96289 -34.101562 -2.3730469
19.511719 75.67383 126.03516 -17.050781 -34.101562 -2.3730469
19.511719 75.67383 126.21094 -17.314453 -34.101562 -2.3730469
19.511719 75.67383 126.38672 -17.753906 -34.101562 -2.3730469
19.511719 75.67383 126.65039 -18.105469 -34.189453 -2.3730469
19.511719 75.76172 126.82617 -18.19336 -34.101562 -2.3730469
19.511719 75.76172 126.82617 -18.28125 -34.101562 -2.3730469
19.511719 75.76172 126.91406 -18.457031 -34.101562 -2.3730469
19.511719 75.76172 127.00195 -18.544922 -34.101562 -2.3730469
19.511719 75.76172 127.00195 -18.544922 -34.101562 -2.3730469
19.511719 75.76172 127.00195 -18.544922 -34.101562 -2.3730469
19.511719 75.76172 127.00195 -18.544922 -34.189453 -2.3730469
19.511719 75.76172 127.08984 -18.720703 -34.101562 -2.3730469
19.511719 75.76172 127.08984 -18.808594 -34.101562 -2.3730469
19.511719 75.76172 127.177734 -18.984375 -34.101562 -2.3730469
19.511719 75.76172 127.265625 -19.072266 -34.101562 -2.3730469
19.511719 75.76172 127.265625 -19.072266 -34.189453 -2.3730469
19.511719 75.76172 127.265625 -19.072266 -34.101562 -2.3730469
19.511719 75.76172 127.265625 -19.072266 -34.189453 -2.3730469
19.511719 75.76172 127.265625 -19.072266 -34.189453 -2.3730469
19.511719 75.76172 127.265625 -19.072266 -34.101562 -2.3730469
19.511719 75.76172 127.265625 -19.072266 -34.101562 -2.3730469
19.511719 75.76172 127.265625 -19.072266 -34.101562 -2.3730469
19.511719 75.76172 127.265625 -19.072266 -34.101562 -2.3730469
19.511719 75.76172 127.265625 -19.072266 -34.101562 -2.3730469
19.59961 75.76172 127.265625 -19.072266 -34.101562 -2.3730469
19.59961 75.76172 127.265625 -19.072266 -34.101562 -2.3730469
19.59961 75.76172 127.265625 -19.072266 -34.101562 -2.3730469
19.59961 75.76172 127.265625 -19.072266 -34.189453 -2.3730469
19.59961 75.76172 127.265625 -19.072266 -34.189453 -2.3730469
19.59961 75.76172 127.265625 -19.072266 -34.189453 -2.3730469
19.59961 75.76172 127.265625 -19.072266 -34.189453 -2.3730469
19.59961 75.76172 127.265625 -19.072266 -34.101562 -2.3730469
19.59961 75.76172 127.265625 -19.072266 -34.101562 -2.3730469
19.59961 75.76172 127.265625 -19.072266 -34.189453 -2.3730469
